H_1,H_2,H_3,H_4,H_5,H_6,H_7,H_8,H_9,H_10,H_11,H_12,H_13,H_14,H_15,H_16,H_17,H_18,H_19,H_20,H_21,H_22,H_23,H_24,H_25,H_26,H_27,H_28,H_29,H_30,H_31,H_32,H_33,H_34,H_35,H_36,H_37,H_38,H_39,H_40,H_41,H_42,H_43,H_44,H_45,H_46,H_47,H_48,H_49,H_50,H_51,H_52,H_53,H_54,H_55,H_56,H_57,H_58,H_59,H_60,H_61,H_62,H_63,H_64,H_65,H_66,H_67,H_68,H_69,H_70,H_71,H_72,H_73,H_74,H_75,H_76,H_77,H_78,H_79,H_80,H_81,H_82,H_83,H_84,H_85,H_86,H_87,H_88,H_89,H_90,H_91,H_92,H_93,H_94,H_95,H_96,H_97,H_98,H_99,H_100,H_101,H_102,H_103,H_104,H_105,H_106,H_107,H_108,H_109,H_110,H_111,H_112,H_113,H_114,H_115,H_116,H_117,H_118,H_119,H_120,H_121,H_122,H_123,H_124,H_125,H_126,H_127,H_128,H_129,H_130,H_131,H_132,H_133,H_134,H_135,H_136,H_137,H_138,H_139,H_140,H_141,H_142,H_143,H_144,H_145,H_146,H_147,H_148,H_149,H_150,H_151,H_152,H_153,H_154,H_155,H_156,H_157,H_158,H_159,H_160,H_161,H_162,H_163,H_164,H_165,H_166,H_167,H_168,H_169,H_170,H_171,H_172,H_173,H_174,H_175,H_176,H_177,H_178,H_179,H_180,H_181,H_182,H_183,H_184,H_185,H_186,H_187,H_188,H_189,H_190,H_191,H_192
1,1,1,1,1,1,1,1,1,1,1,1,1,1,1,1,1,1,1,1,1,1,1,1,1,1,1,1,1,1,1,1,1,1,1,1,1,1,1,1,1,1,1,1,1,1,1,1,1,1,1,1,1,1,1,1,1,1,1,1,1,1,1,1,1,1,1,1,1,1,1,1,1,1,1,1,1,1,1,1,1,1,1,1,1,1,1,1,1,1,1,1,1,1,1,1,1,1,1,1,1,1,1,1,1,1,1,1,1,1,1,1,1,1,1,1,1,1,1,1,1,1,1,1,1,1,1,1,1,1,1,1,1,1,1,1,1,1,1,1,1,1,1,1,1,1,1,1,1,1,1,1,1,1,1,1,1,1,1,1,1,1,1,1,1,1,1,1,1,1,1,1,1,1,1,1,1,1,1,1,1,1,1,1,1,1,1,1,1,1,1,1
1,-1,1,-1,1,1,1,-1,-1,-1,1,-1,1,-1,1,-1,1,1,1,-1,-1,-1,1,-1,1,-1,1,-1,1,1,1,-1,-1,-1,1,-1,1,-1,1,-1,1,1,1,-1,-1,-1,1,-1,1,-1,1,-1,1,1,1,-1,-1,-1,1,-1,1,-1,1,-1,1,1,1,-1,-1,-1,1,-1,1,-1,1,-1,1,1,1,-1,-1,-1,1,-1,1,-1,1,-1,1,1,1,-1,-1,-1,1,-1,1,-1,1,-1,1,1,1,-1,-1,-1,1,-1,1,-1,1,-1,1,1,1,-1,-1,-1,1,-1,1,-1,1,-1,1,1,1,-1,-1,-1,1,-1,1,-1,1,-1,1,1,1,-1,-1,-1,1,-1,1,-1,1,-1,1,1,1,-1,-1,-1,1,-1,1,-1,1,-1,1,1,1,-1,-1,-1,1,-1,1,-1,1,-1,1,1,1,-1,-1,-1,1,-1,1,-1,1,-1,1,1,1,-1,-1,-1,1,-1
1,-1,-1,1,-1,1,1,1,-1,-1,-1,1,1,-1,-1,1,-1,1,1,1,-1,-1,-1,1,1,-1,-1,1,-1,1,1,1,-1,-1,-1,1,1,-1,-1,1,-1,1,1,1,-1,-1,-1,1,1,-1,-1,1,-1,1,1,1,-1,-1,-1,1,1,-1,-1,1,-1,1,1,1,-1,-1,-1,1,1,-1,-1,1,-1,1,1,1,-1,-1,-1,1,1,-1,-1,1,-1,1,1,1,-1,-1,-1,1,1,-1,-1,1,-1,1,1,1,-1,-1,-1,1,1,-1,-1,1,-1,1,1,1,-1,-1,-1,1,1,-1,-1,1,-1,1,1,1,-1,-1,-1,1,1,-1,-1,1,-1,1,1,1,-1,-1,-1,1,1,-1,-1,1,-1,1,1,1,-1,-1,-1,1,1,-1,-1,1,-1,1,1,1,-1,-1,-1,1,1,-1,-1,1,-1,1,1,1,-1,-1,-1,1,1,-1,-1,1,-1,1,1,1,-1,-1,-1,1
1,1,-1,-1,1,-1,1,1,1,-1,-1,-1,1,1,-1,-1,1,-1,1,1,1,-1,-1,-1,1,1,-1,-1,1,-1,1,1,1,-1,-1,-1,1,1,-1,-1,1,-1,1,1,1,-1,-1,-1,1,1,-1,-1,1,-1,1,1,1,-1,-1,-1,1,1,-1,-1,1,-1,1,1,1,-1,-1,-1,1,1,-1,-1,1,-1,1,1,1,-1,-1,-1,1,1,-1,-1,1,-1,1,1,1,-1,-1,-1,1,1,-1,-1,1,-1,1,1,1,-1,-1,-1,1,1,-1,-1,1,-1,1,1,1,-1,-1,-1,1,1,-1,-1,1,-1,1,1,1,-1,-1,-1,1,1,-1,-1,1,-1,1,1,1,-1,-1,-1,1,1,-1,-1,1,-1,1,1,1,-1,-1,-1,1,1,-1,-1,1,-1,1,1,1,-1,-1,-1,1,1,-1,-1,1,-1,1,1,1,-1,-1,-1,1,1,-1,-1,1,-1,1,1,1,-1,-1,-1
1,-1,1,-1,-1,1,-1,1,1,1,-1,-1,1,-1,1,-1,-1,1,-1,1,1,1,-1,-1,1,-1,1,-1,-1,1,-1,1,1,1,-1,-1,1,-1,1,-1,-1,1,-1,1,1,1,-1,-1,1,-1,1,-1,-1,1,-1,1,1,1,-1,-1,1,-1,1,-1,-1,1,-1,1,1,1,-1,-1,1,-1,1,-1,-1,1,-1,1,1,1,-1,-1,1,-1,1,-1,-1,1,-1,1,1,1,-1,-1,1,-1,1,-1,-1,1,-1,1,1,1,-1,-1,1,-1,1,-1,-1,1,-1,1,1,1,-1,-1,1,-1,1,-1,-1,1,-1,1,1,1,-1,-1,1,-1,1,-1,-1,1,-1,1,1,1,-1,-1,1,-1,1,-1,-1,1,-1,1,1,1,-1,-1,1,-1,1,-1,-1,1,-1,1,1,1,-1,-1,1,-1,1,-1,-1,1,-1,1,1,1,-1,-1,1,-1,1,-1,-1,1,-1,1,1,1,-1,-1
1,-1,-1,1,-1,-1,1,-1,1,1,1,-1,1,-1,-1,1,-1,-1,1,-1,1,1,1,-1,1,-1,-1,1,-1,-1,1,-1,1,1,1,-1,1,-1,-1,1,-1,-1,1,-1,1,1,1,-1,1,-1,-1,1,-1,-1,1,-1,1,1,1,-1,1,-1,-1,1,-1,-1,1,-1,1,1,1,-1,1,-1,-1,1,-1,-1,1,-1,1,1,1,-1,1,-1,-1,1,-1,-1,1,-1,1,1,1,-1,1,-1,-1,1,-1,-1,1,-1,1,1,1,-1,1,-1,-1,1,-1,-1,1,-1,1,1,1,-1,1,-1,-1,1,-1,-1,1,-1,1,1,1,-1,1,-1,-1,1,-1,-1,1,-1,1,1,1,-1,1,-1,-1,1,-1,-1,1,-1,1,1,1,-1,1,-1,-1,1,-1,-1,1,-1,1,1,1,-1,1,-1,-1,1,-1,-1,1,-1,1,1,1,-1,1,-1,-1,1,-1,-1,1,-1,1,1,1,-1
1,-1,-1,-1,1,-1,-1,1,-1,1,1,1,1,-1,-1,-1,1,-1,-1,1,-1,1,1,1,1,-1,-1,-1,1,-1,-1,1,-1,1,1,1,1,-1,-1,-1,1,-1,-1,1,-1,1,1,1,1,-1,-1,-1,1,-1,-1,1,-1,1,1,1,1,-1,-1,-1,1,-1,-1,1,-1,1,1,1,1,-1,-1,-1,1,-1,-1,1,-1,1,1,1,1,-1,-1,-1,1,-1,-1,1,-1,1,1,1,1,-1,-1,-1,1,-1,-1,1,-1,1,1,1,1,-1,-1,-1,1,-1,-1,1,-1,1,1,1,1,-1,-1,-1,1,-1,-1,1,-1,1,1,1,1,-1,-1,-1,1,-1,-1,1,-1,1,1,1,1,-1,-1,-1,1,-1,-1,1,-1,1,1,1,1,-1,-1,-1,1,-1,-1,1,-1,1,1,1,1,-1,-1,-1,1,-1,-1,1,-1,1,1,1,1,-1,-1,-1,1,-1,-1,1,-1,1,1,1
1,1,-1,-1,-1,1,-1,-1,1,-1,1,1,1,1,-1,-1,-1,1,-1,-1,1,-1,1,1,1,1,-1,-1,-1,1,-1,-1,1,-1,1,1,1,1,-1,-1,-1,1,-1,-1,1,-1,1,1,1,1,-1,-1,-1,1,-1,-1,1,-1,1,1,1,1,-1,-1,-1,1,-1,-1,1,-1,1,1,1,1,-1,-1,-1,1,-1,-1,1,-1,1,1,1,1,-1,-1,-1,1,-1,-1,1,-1,1,1,1,1,-1,-1,-1,1,-1,-1,1,-1,1,1,1,1,-1,-1,-1,1,-1,-1,1,-1,1,1,1,1,-1,-1,-1,1,-1,-1,1,-1,1,1,1,1,-1,-1,-1,1,-1,-1,1,-1,1,1,1,1,-1,-1,-1,1,-1,-1,1,-1,1,1,1,1,-1,-1,-1,1,-1,-1,1,-1,1,1,1,1,-1,-1,-1,1,-1,-1,1,-1,1,1,1,1,-1,-1,-1,1,-1,-1,1,-1,1,1
1,1,1,-1,-1,-1,1,-1,-1,1,-1,1,1,1,1,-1,-1,-1,1,-1,-1,1,-1,1,1,1,1,-1,-1,-1,1,-1,-1,1,-1,1,1,1,1,-1,-1,-1,1,-1,-1,1,-1,1,1,1,1,-1,-1,-1,1,-1,-1,1,-1,1,1,1,1,-1,-1,-1,1,-1,-1,1,-1,1,1,1,1,-1,-1,-1,1,-1,-1,1,-1,1,1,1,1,-1,-1,-1,1,-1,-1,1,-1,1,1,1,1,-1,-1,-1,1,-1,-1,1,-1,1,1,1,1,-1,-1,-1,1,-1,-1,1,-1,1,1,1,1,-1,-1,-1,1,-1,-1,1,-1,1,1,1,1,-1,-1,-1,1,-1,-1,1,-1,1,1,1,1,-1,-1,-1,1,-1,-1,1,-1,1,1,1,1,-1,-1,-1,1,-1,-1,1,-1,1,1,1,1,-1,-1,-1,1,-1,-1,1,-1,1,1,1,1,-1,-1,-1,1,-1,-1,1,-1,1
1,1,1,1,-1,-1,-1,1,-1,-1,1,-1,1,1,1,1,-1,-1,-1,1,-1,-1,1,-1,1,1,1,1,-1,-1,-1,1,-1,-1,1,-1,1,1,1,1,-1,-1,-1,1,-1,-1,1,-1,1,1,1,1,-1,-1,-1,1,-1,-1,1,-1,1,1,1,1,-1,-1,-1,1,-1,-1,1,-1,1,1,1,1,-1,-1,-1,1,-1,-1,1,-1,1,1,1,1,-1,-1,-1,1,-1,-1,1,-1,1,1,1,1,-1,-1,-1,1,-1,-1,1,-1,1,1,1,1,-1,-1,-1,1,-1,-1,1,-1,1,1,1,1,-1,-1,-1,1,-1,-1,1,-1,1,1,1,1,-1,-1,-1,1,-1,-1,1,-1,1,1,1,1,-1,-1,-1,1,-1,-1,1,-1,1,1,1,1,-1,-1,-1,1,-1,-1,1,-1,1,1,1,1,-1,-1,-1,1,-1,-1,1,-1,1,1,1,1,-1,-1,-1,1,-1,-1,1,-1
1,-1,1,1,1,-1,-1,-1,1,-1,-1,1,1,-1,1,1,1,-1,-1,-1,1,-1,-1,1,1,-1,1,1,1,-1,-1,-1,1,-1,-1,1,1,-1,1,1,1,-1,-1,-1,1,-1,-1,1,1,-1,1,1,1,-1,-1,-1,1,-1,-1,1,1,-1,1,1,1,-1,-1,-1,1,-1,-1,1,1,-1,1,1,1,-1,-1,-1,1,-1,-1,1,1,-1,1,1,1,-1,-1,-1,1,-1,-1,1,1,-1,1,1,1,-1,-1,-1,1,-1,-1,1,1,-1,1,1,1,-1,-1,-1,1,-1,-1,1,1,-1,1,1,1,-1,-1,-1,1,-1,-1,1,1,-1,1,1,1,-1,-1,-1,1,-1,-1,1,1,-1,1,1,1,-1,-1,-1,1,-1,-1,1,1,-1,1,1,1,-1,-1,-1,1,-1,-1,1,1,-1,1,1,1,-1,-1,-1,1,-1,-1,1,1,-1,1,1,1,-1,-1,-1,1,-1,-1,1
1,1,-1,1,1,1,-1,-1,-1,1,-1,-1,1,1,-1,1,1,1,-1,-1,-1,1,-1,-1,1,1,-1,1,1,1,-1,-1,-1,1,-1,-1,1,1,-1,1,1,1,-1,-1,-1,1,-1,-1,1,1,-1,1,1,1,-1,-1,-1,1,-1,-1,1,1,-1,1,1,1,-1,-1,-1,1,-1,-1,1,1,-1,1,1,1,-1,-1,-1,1,-1,-1,1,1,-1,1,1,1,-1,-1,-1,1,-1,-1,1,1,-1,1,1,1,-1,-1,-1,1,-1,-1,1,1,-1,1,1,1,-1,-1,-1,1,-1,-1,1,1,-1,1,1,1,-1,-1,-1,1,-1,-1,1,1,-1,1,1,1,-1,-1,-1,1,-1,-1,1,1,-1,1,1,1,-1,-1,-1,1,-1,-1,1,1,-1,1,1,1,-1,-1,-1,1,-1,-1,1,1,-1,1,1,1,-1,-1,-1,1,-1,-1,1,1,-1,1,1,1,-1,-1,-1,1,-1,-1
1,1,1,1,1,1,1,1,1,1,1,1,-1,-1,-1,-1,-1,-1,-1,-1,-1,-1,-1,-1,1,1,1,1,1,1,1,1,1,1,1,1,-1,-1,-1,-1,-1,-1,-1,-1,-1,-1,-1,-1,1,1,1,1,1,1,1,1,1,1,1,1,-1,-1,-1,-1,-1,-1,-1,-1,-1,-1,-1,-1,1,1,1,1,1,1,1,1,1,1,1,1,-1,-1,-1,-1,-1,-1,-1,-1,-1,-1,-1,-1,1,1,1,1,1,1,1,1,1,1,1,1,-1,-1,-1,-1,-1,-1,-1,-1,-1,-1,-1,-1,1,1,1,1,1,1,1,1,1,1,1,1,-1,-1,-1,-1,-1,-1,-1,-1,-1,-1,-1,-1,1,1,1,1,1,1,1,1,1,1,1,1,-1,-1,-1,-1,-1,-1,-1,-1,-1,-1,-1,-1,1,1,1,1,1,1,1,1,1,1,1,1,-1,-1,-1,-1,-1,-1,-1,-1,-1,-1,-1,-1
1,-1,1,-1,1,1,1,-1,-1,-1,1,-1,-1,1,-1,1,-1,-1,-1,1,1,1,-1,1,1,-1,1,-1,1,1,1,-1,-1,-1,1,-1,-1,1,-1,1,-1,-1,-1,1,1,1,-1,1,1,-1,1,-1,1,1,1,-1,-1,-1,1,-1,-1,1,-1,1,-1,-1,-1,1,1,1,-1,1,1,-1,1,-1,1,1,1,-1,-1,-1,1,-1,-1,1,-1,1,-1,-1,-1,1,1,1,-1,1,1,-1,1,-1,1,1,1,-1,-1,-1,1,-1,-1,1,-1,1,-1,-1,-1,1,1,1,-1,1,1,-1,1,-1,1,1,1,-1,-1,-1,1,-1,-1,1,-1,1,-1,-1,-1,1,1,1,-1,1,1,-1,1,-1,1,1,1,-1,-1,-1,1,-1,-1,1,-1,1,-1,-1,-1,1,1,1,-1,1,1,-1,1,-1,1,1,1,-1,-1,-1,1,-1,-1,1,-1,1,-1,-1,-1,1,1,1,-1,1
1,-1,-1,1,-1,1,1,1,-1,-1,-1,1,-1,1,1,-1,1,-1,-1,-1,1,1,1,-1,1,-1,-1,1,-1,1,1,1,-1,-1,-1,1,-1,1,1,-1,1,-1,-1,-1,1,1,1,-1,1,-1,-1,1,-1,1,1,1,-1,-1,-1,1,-1,1,1,-1,1,-1,-1,-1,1,1,1,-1,1,-1,-1,1,-1,1,1,1,-1,-1,-1,1,-1,1,1,-1,1,-1,-1,-1,1,1,1,-1,1,-1,-1,1,-1,1,1,1,-1,-1,-1,1,-1,1,1,-1,1,-1,-1,-1,1,1,1,-1,1,-1,-1,1,-1,1,1,1,-1,-1,-1,1,-1,1,1,-1,1,-1,-1,-1,1,1,1,-1,1,-1,-1,1,-1,1,1,1,-1,-1,-1,1,-1,1,1,-1,1,-1,-1,-1,1,1,1,-1,1,-1,-1,1,-1,1,1,1,-1,-1,-1,1,-1,1,1,-1,1,-1,-1,-1,1,1,1,-1
1,1,-1,-1,1,-1,1,1,1,-1,-1,-1,-1,-1,1,1,-1,1,-1,-1,-1,1,1,1,1,1,-1,-1,1,-1,1,1,1,-1,-1,-1,-1,-1,1,1,-1,1,-1,-1,-1,1,1,1,1,1,-1,-1,1,-1,1,1,1,-1,-1,-1,-1,-1,1,1,-1,1,-1,-1,-1,1,1,1,1,1,-1,-1,1,-1,1,1,1,-1,-1,-1,-1,-1,1,1,-1,1,-1,-1,-1,1,1,1,1,1,-1,-1,1,-1,1,1,1,-1,-1,-1,-1,-1,1,1,-1,1,-1,-1,-1,1,1,1,1,1,-1,-1,1,-1,1,1,1,-1,-1,-1,-1,-1,1,1,-1,1,-1,-1,-1,1,1,1,1,1,-1,-1,1,-1,1,1,1,-1,-1,-1,-1,-1,1,1,-1,1,-1,-1,-1,1,1,1,1,1,-1,-1,1,-1,1,1,1,-1,-1,-1,-1,-1,1,1,-1,1,-1,-1,-1,1,1,1
1,-1,1,-1,-1,1,-1,1,1,1,-1,-1,-1,1,-1,1,1,-1,1,-1,-1,-1,1,1,1,-1,1,-1,-1,1,-1,1,1,1,-1,-1,-1,1,-1,1,1,-1,1,-1,-1,-1,1,1,1,-1,1,-1,-1,1,-1,1,1,1,-1,-1,-1,1,-1,1,1,-1,1,-1,-1,-1,1,1,1,-1,1,-1,-1,1,-1,1,1,1,-1,-1,-1,1,-1,1,1,-1,1,-1,-1,-1,1,1,1,-1,1,-1,-1,1,-1,1,1,1,-1,-1,-1,1,-1,1,1,-1,1,-1,-1,-1,1,1,1,-1,1,-1,-1,1,-1,1,1,1,-1,-1,-1,1,-1,1,1,-1,1,-1,-1,-1,1,1,1,-1,1,-1,-1,1,-1,1,1,1,-1,-1,-1,1,-1,1,1,-1,1,-1,-1,-1,1,1,1,-1,1,-1,-1,1,-1,1,1,1,-1,-1,-1,1,-1,1,1,-1,1,-1,-1,-1,1,1
1,-1,-1,1,-1,-1,1,-1,1,1,1,-1,-1,1,1,-1,1,1,-1,1,-1,-1,-1,1,1,-1,-1,1,-1,-1,1,-1,1,1,1,-1,-1,1,1,-1,1,1,-1,1,-1,-1,-1,1,1,-1,-1,1,-1,-1,1,-1,1,1,1,-1,-1,1,1,-1,1,1,-1,1,-1,-1,-1,1,1,-1,-1,1,-1,-1,1,-1,1,1,1,-1,-1,1,1,-1,1,1,-1,1,-1,-1,-1,1,1,-1,-1,1,-1,-1,1,-1,1,1,1,-1,-1,1,1,-1,1,1,-1,1,-1,-1,-1,1,1,-1,-1,1,-1,-1,1,-1,1,1,1,-1,-1,1,1,-1,1,1,-1,1,-1,-1,-1,1,1,-1,-1,1,-1,-1,1,-1,1,1,1,-1,-1,1,1,-1,1,1,-1,1,-1,-1,-1,1,1,-1,-1,1,-1,-1,1,-1,1,1,1,-1,-1,1,1,-1,1,1,-1,1,-1,-1,-1,1
1,-1,-1,-1,1,-1,-1,1,-1,1,1,1,-1,1,1,1,-1,1,1,-1,1,-1,-1,-1,1,-1,-1,-1,1,-1,-1,1,-1,1,1,1,-1,1,1,1,-1,1,1,-1,1,-1,-1,-1,1,-1,-1,-1,1,-1,-1,1,-1,1,1,1,-1,1,1,1,-1,1,1,-1,1,-1,-1,-1,1,-1,-1,-1,1,-1,-1,1,-1,1,1,1,-1,1,1,1,-1,1,1,-1,1,-1,-1,-1,1,-1,-1,-1,1,-1,-1,1,-1,1,1,1,-1,1,1,1,-1,1,1,-1,1,-1,-1,-1,1,-1,-1,-1,1,-1,-1,1,-1,1,1,1,-1,1,1,1,-1,1,1,-1,1,-1,-1,-1,1,-1,-1,-1,1,-1,-1,1,-1,1,1,1,-1,1,1,1,-1,1,1,-1,1,-1,-1,-1,1,-1,-1,-1,1,-1,-1,1,-1,1,1,1,-1,1,1,1,-1,1,1,-1,1,-1,-1,-1
1,1,-1,-1,-1,1,-1,-1,1,-1,1,1,-1,-1,1,1,1,-1,1,1,-1,1,-1,-1,1,1,-1,-1,-1,1,-1,-1,1,-1,1,1,-1,-1,1,1,1,-1,1,1,-1,1,-1,-1,1,1,-1,-1,-1,1,-1,-1,1,-1,1,1,-1,-1,1,1,1,-1,1,1,-1,1,-1,-1,1,1,-1,-1,-1,1,-1,-1,1,-1,1,1,-1,-1,1,1,1,-1,1,1,-1,1,-1,-1,1,1,-1,-1,-1,1,-1,-1,1,-1,1,1,-1,-1,1,1,1,-1,1,1,-1,1,-1,-1,1,1,-1,-1,-1,1,-1,-1,1,-1,1,1,-1,-1,1,1,1,-1,1,1,-1,1,-1,-1,1,1,-1,-1,-1,1,-1,-1,1,-1,1,1,-1,-1,1,1,1,-1,1,1,-1,1,-1,-1,1,1,-1,-1,-1,1,-1,-1,1,-1,1,1,-1,-1,1,1,1,-1,1,1,-1,1,-1,-1
1,1,1,-1,-1,-1,1,-1,-1,1,-1,1,-1,-1,-1,1,1,1,-1,1,1,-1,1,-1,1,1,1,-1,-1,-1,1,-1,-1,1,-1,1,-1,-1,-1,1,1,1,-1,1,1,-1,1,-1,1,1,1,-1,-1,-1,1,-1,-1,1,-1,1,-1,-1,-1,1,1,1,-1,1,1,-1,1,-1,1,1,1,-1,-1,-1,1,-1,-1,1,-1,1,-1,-1,-1,1,1,1,-1,1,1,-1,1,-1,1,1,1,-1,-1,-1,1,-1,-1,1,-1,1,-1,-1,-1,1,1,1,-1,1,1,-1,1,-1,1,1,1,-1,-1,-1,1,-1,-1,1,-1,1,-1,-1,-1,1,1,1,-1,1,1,-1,1,-1,1,1,1,-1,-1,-1,1,-1,-1,1,-1,1,-1,-1,-1,1,1,1,-1,1,1,-1,1,-1,1,1,1,-1,-1,-1,1,-1,-1,1,-1,1,-1,-1,-1,1,1,1,-1,1,1,-1,1,-1
1,1,1,1,-1,-1,-1,1,-1,-1,1,-1,-1,-1,-1,-1,1,1,1,-1,1,1,-1,1,1,1,1,1,-1,-1,-1,1,-1,-1,1,-1,-1,-1,-1,-1,1,1,1,-1,1,1,-1,1,1,1,1,1,-1,-1,-1,1,-1,-1,1,-1,-1,-1,-1,-1,1,1,1,-1,1,1,-1,1,1,1,1,1,-1,-1,-1,1,-1,-1,1,-1,-1,-1,-1,-1,1,1,1,-1,1,1,-1,1,1,1,1,1,-1,-1,-1,1,-1,-1,1,-1,-1,-1,-1,-1,1,1,1,-1,1,1,-1,1,1,1,1,1,-1,-1,-1,1,-1,-1,1,-1,-1,-1,-1,-1,1,1,1,-1,1,1,-1,1,1,1,1,1,-1,-1,-1,1,-1,-1,1,-1,-1,-1,-1,-1,1,1,1,-1,1,1,-1,1,1,1,1,1,-1,-1,-1,1,-1,-1,1,-1,-1,-1,-1,-1,1,1,1,-1,1,1,-1,1
1,-1,1,1,1,-1,-1,-1,1,-1,-1,1,-1,1,-1,-1,-1,1,1,1,-1,1,1,-1,1,-1,1,1,1,-1,-1,-1,1,-1,-1,1,-1,1,-1,-1,-1,1,1,1,-1,1,1,-1,1,-1,1,1,1,-1,-1,-1,1,-1,-1,1,-1,1,-1,-1,-1,1,1,1,-1,1,1,-1,1,-1,1,1,1,-1,-1,-1,1,-1,-1,1,-1,1,-1,-1,-1,1,1,1,-1,1,1,-1,1,-1,1,1,1,-1,-1,-1,1,-1,-1,1,-1,1,-1,-1,-1,1,1,1,-1,1,1,-1,1,-1,1,1,1,-1,-1,-1,1,-1,-1,1,-1,1,-1,-1,-1,1,1,1,-1,1,1,-1,1,-1,1,1,1,-1,-1,-1,1,-1,-1,1,-1,1,-1,-1,-1,1,1,1,-1,1,1,-1,1,-1,1,1,1,-1,-1,-1,1,-1,-1,1,-1,1,-1,-1,-1,1,1,1,-1,1,1,-1
1,1,-1,1,1,1,-1,-1,-1,1,-1,-1,-1,-1,1,-1,-1,-1,1,1,1,-1,1,1,1,1,-1,1,1,1,-1,-1,-1,1,-1,-1,-1,-1,1,-1,-1,-1,1,1,1,-1,1,1,1,1,-1,1,1,1,-1,-1,-1,1,-1,-1,-1,-1,1,-1,-1,-1,1,1,1,-1,1,1,1,1,-1,1,1,1,-1,-1,-1,1,-1,-1,-1,-1,1,-1,-1,-1,1,1,1,-1,1,1,1,1,-1,1,1,1,-1,-1,-1,1,-1,-1,-1,-1,1,-1,-1,-1,1,1,1,-1,1,1,1,1,-1,1,1,1,-1,-1,-1,1,-1,-1,-1,-1,1,-1,-1,-1,1,1,1,-1,1,1,1,1,-1,1,1,1,-1,-1,-1,1,-1,-1,-1,-1,1,-1,-1,-1,1,1,1,-1,1,1,1,1,-1,1,1,1,-1,-1,-1,1,-1,-1,-1,-1,1,-1,-1,-1,1,1,1,-1,1,1
1,1,1,1,1,1,1,1,1,1,1,1,1,1,1,1,1,1,1,1,1,1,1,1,-1,-1,-1,-1,-1,-1,-1,-1,-1,-1,-1,-1,-1,-1,-1,-1,-1,-1,-1,-1,-1,-1,-1,-1,1,1,1,1,1,1,1,1,1,1,1,1,1,1,1,1,1,1,1,1,1,1,1,1,-1,-1,-1,-1,-1,-1,-1,-1,-1,-1,-1,-1,-1,-1,-1,-1,-1,-1,-1,-1,-1,-1,-1,-1,1,1,1,1,1,1,1,1,1,1,1,1,1,1,1,1,1,1,1,1,1,1,1,1,-1,-1,-1,-1,-1,-1,-1,-1,-1,-1,-1,-1,-1,-1,-1,-1,-1,-1,-1,-1,-1,-1,-1,-1,1,1,1,1,1,1,1,1,1,1,1,1,1,1,1,1,1,1,1,1,1,1,1,1,-1,-1,-1,-1,-1,-1,-1,-1,-1,-1,-1,-1,-1,-1,-1,-1,-1,-1,-1,-1,-1,-1,-1,-1
1,-1,1,-1,1,1,1,-1,-1,-1,1,-1,1,-1,1,-1,1,1,1,-1,-1,-1,1,-1,-1,1,-1,1,-1,-1,-1,1,1,1,-1,1,-1,1,-1,1,-1,-1,-1,1,1,1,-1,1,1,-1,1,-1,1,1,1,-1,-1,-1,1,-1,1,-1,1,-1,1,1,1,-1,-1,-1,1,-1,-1,1,-1,1,-1,-1,-1,1,1,1,-1,1,-1,1,-1,1,-1,-1,-1,1,1,1,-1,1,1,-1,1,-1,1,1,1,-1,-1,-1,1,-1,1,-1,1,-1,1,1,1,-1,-1,-1,1,-1,-1,1,-1,1,-1,-1,-1,1,1,1,-1,1,-1,1,-1,1,-1,-1,-1,1,1,1,-1,1,1,-1,1,-1,1,1,1,-1,-1,-1,1,-1,1,-1,1,-1,1,1,1,-1,-1,-1,1,-1,-1,1,-1,1,-1,-1,-1,1,1,1,-1,1,-1,1,-1,1,-1,-1,-1,1,1,1,-1,1
1,-1,-1,1,-1,1,1,1,-1,-1,-1,1,1,-1,-1,1,-1,1,1,1,-1,-1,-1,1,-1,1,1,-1,1,-1,-1,-1,1,1,1,-1,-1,1,1,-1,1,-1,-1,-1,1,1,1,-1,1,-1,-1,1,-1,1,1,1,-1,-1,-1,1,1,-1,-1,1,-1,1,1,1,-1,-1,-1,1,-1,1,1,-1,1,-1,-1,-1,1,1,1,-1,-1,1,1,-1,1,-1,-1,-1,1,1,1,-1,1,-1,-1,1,-1,1,1,1,-1,-1,-1,1,1,-1,-1,1,-1,1,1,1,-1,-1,-1,1,-1,1,1,-1,1,-1,-1,-1,1,1,1,-1,-1,1,1,-1,1,-1,-1,-1,1,1,1,-1,1,-1,-1,1,-1,1,1,1,-1,-1,-1,1,1,-1,-1,1,-1,1,1,1,-1,-1,-1,1,-1,1,1,-1,1,-1,-1,-1,1,1,1,-1,-1,1,1,-1,1,-1,-1,-1,1,1,1,-1
1,1,-1,-1,1,-1,1,1,1,-1,-1,-1,1,1,-1,-1,1,-1,1,1,1,-1,-1,-1,-1,-1,1,1,-1,1,-1,-1,-1,1,1,1,-1,-1,1,1,-1,1,-1,-1,-1,1,1,1,1,1,-1,-1,1,-1,1,1,1,-1,-1,-1,1,1,-1,-1,1,-1,1,1,1,-1,-1,-1,-1,-1,1,1,-1,1,-1,-1,-1,1,1,1,-1,-1,1,1,-1,1,-1,-1,-1,1,1,1,1,1,-1,-1,1,-1,1,1,1,-1,-1,-1,1,1,-1,-1,1,-1,1,1,1,-1,-1,-1,-1,-1,1,1,-1,1,-1,-1,-1,1,1,1,-1,-1,1,1,-1,1,-1,-1,-1,1,1,1,1,1,-1,-1,1,-1,1,1,1,-1,-1,-1,1,1,-1,-1,1,-1,1,1,1,-1,-1,-1,-1,-1,1,1,-1,1,-1,-1,-1,1,1,1,-1,-1,1,1,-1,1,-1,-1,-1,1,1,1
1,-1,1,-1,-1,1,-1,1,1,1,-1,-1,1,-1,1,-1,-1,1,-1,1,1,1,-1,-1,-1,1,-1,1,1,-1,1,-1,-1,-1,1,1,-1,1,-1,1,1,-1,1,-1,-1,-1,1,1,1,-1,1,-1,-1,1,-1,1,1,1,-1,-1,1,-1,1,-1,-1,1,-1,1,1,1,-1,-1,-1,1,-1,1,1,-1,1,-1,-1,-1,1,1,-1,1,-1,1,1,-1,1,-1,-1,-1,1,1,1,-1,1,-1,-1,1,-1,1,1,1,-1,-1,1,-1,1,-1,-1,1,-1,1,1,1,-1,-1,-1,1,-1,1,1,-1,1,-1,-1,-1,1,1,-1,1,-1,1,1,-1,1,-1,-1,-1,1,1,1,-1,1,-1,-1,1,-1,1,1,1,-1,-1,1,-1,1,-1,-1,1,-1,1,1,1,-1,-1,-1,1,-1,1,1,-1,1,-1,-1,-1,1,1,-1,1,-1,1,1,-1,1,-1,-1,-1,1,1
1,-1,-1,1,-1,-1,1,-1,1,1,1,-1,1,-1,-1,1,-1,-1,1,-1,1,1,1,-1,-1,1,1,-1,1,1,-1,1,-1,-1,-1,1,-1,1,1,-1,1,1,-1,1,-1,-1,-1,1,1,-1,-1,1,-1,-1,1,-1,1,1,1,-1,1,-1,-1,1,-1,-1,1,-1,1,1,1,-1,-1,1,1,-1,1,1,-1,1,-1,-1,-1,1,-1,1,1,-1,1,1,-1,1,-1,-1,-1,1,1,-1,-1,1,-1,-1,1,-1,1,1,1,-1,1,-1,-1,1,-1,-1,1,-1,1,1,1,-1,-1,1,1,-1,1,1,-1,1,-1,-1,-1,1,-1,1,1,-1,1,1,-1,1,-1,-1,-1,1,1,-1,-1,1,-1,-1,1,-1,1,1,1,-1,1,-1,-1,1,-1,-1,1,-1,1,1,1,-1,-1,1,1,-1,1,1,-1,1,-1,-1,-1,1,-1,1,1,-1,1,1,-1,1,-1,-1,-1,1
1,-1,-1,-1,1,-1,-1,1,-1,1,1,1,1,-1,-1,-1,1,-1,-1,1,-1,1,1,1,-1,1,1,1,-1,1,1,-1,1,-1,-1,-1,-1,1,1,1,-1,1,1,-1,1,-1,-1,-1,1,-1,-1,-1,1,-1,-1,1,-1,1,1,1,1,-1,-1,-1,1,-1,-1,1,-1,1,1,1,-1,1,1,1,-1,1,1,-1,1,-1,-1,-1,-1,1,1,1,-1,1,1,-1,1,-1,-1,-1,1,-1,-1,-1,1,-1,-1,1,-1,1,1,1,1,-1,-1,-1,1,-1,-1,1,-1,1,1,1,-1,1,1,1,-1,1,1,-1,1,-1,-1,-1,-1,1,1,1,-1,1,1,-1,1,-1,-1,-1,1,-1,-1,-1,1,-1,-1,1,-1,1,1,1,1,-1,-1,-1,1,-1,-1,1,-1,1,1,1,-1,1,1,1,-1,1,1,-1,1,-1,-1,-1,-1,1,1,1,-1,1,1,-1,1,-1,-1,-1
1,1,-1,-1,-1,1,-1,-1,1,-1,1,1,1,1,-1,-1,-1,1,-1,-1,1,-1,1,1,-1,-1,1,1,1,-1,1,1,-1,1,-1,-1,-1,-1,1,1,1,-1,1,1,-1,1,-1,-1,1,1,-1,-1,-1,1,-1,-1,1,-1,1,1,1,1,-1,-1,-1,1,-1,-1,1,-1,1,1,-1,-1,1,1,1,-1,1,1,-1,1,-1,-1,-1,-1,1,1,1,-1,1,1,-1,1,-1,-1,1,1,-1,-1,-1,1,-1,-1,1,-1,1,1,1,1,-1,-1,-1,1,-1,-1,1,-1,1,1,-1,-1,1,1,1,-1,1,1,-1,1,-1,-1,-1,-1,1,1,1,-1,1,1,-1,1,-1,-1,1,1,-1,-1,-1,1,-1,-1,1,-1,1,1,1,1,-1,-1,-1,1,-1,-1,1,-1,1,1,-1,-1,1,1,1,-1,1,1,-1,1,-1,-1,-1,-1,1,1,1,-1,1,1,-1,1,-1,-1
1,1,1,-1,-1,-1,1,-1,-1,1,-1,1,1,1,1,-1,-1,-1,1,-1,-1,1,-1,1,-1,-1,-1,1,1,1,-1,1,1,-1,1,-1,-1,-1,-1,1,1,1,-1,1,1,-1,1,-1,1,1,1,-1,-1,-1,1,-1,-1,1,-1,1,1,1,1,-1,-1,-1,1,-1,-1,1,-1,1,-1,-1,-1,1,1,1,-1,1,1,-1,1,-1,-1,-1,-1,1,1,1,-1,1,1,-1,1,-1,1,1,1,-1,-1,-1,1,-1,-1,1,-1,1,1,1,1,-1,-1,-1,1,-1,-1,1,-1,1,-1,-1,-1,1,1,1,-1,1,1,-1,1,-1,-1,-1,-1,1,1,1,-1,1,1,-1,1,-1,1,1,1,-1,-1,-1,1,-1,-1,1,-1,1,1,1,1,-1,-1,-1,1,-1,-1,1,-1,1,-1,-1,-1,1,1,1,-1,1,1,-1,1,-1,-1,-1,-1,1,1,1,-1,1,1,-1,1,-1
1,1,1,1,-1,-1,-1,1,-1,-1,1,-1,1,1,1,1,-1,-1,-1,1,-1,-1,1,-1,-1,-1,-1,-1,1,1,1,-1,1,1,-1,1,-1,-1,-1,-1,1,1,1,-1,1,1,-1,1,1,1,1,1,-1,-1,-1,1,-1,-1,1,-1,1,1,1,1,-1,-1,-1,1,-1,-1,1,-1,-1,-1,-1,-1,1,1,1,-1,1,1,-1,1,-1,-1,-1,-1,1,1,1,-1,1,1,-1,1,1,1,1,1,-1,-1,-1,1,-1,-1,1,-1,1,1,1,1,-1,-1,-1,1,-1,-1,1,-1,-1,-1,-1,-1,1,1,1,-1,1,1,-1,1,-1,-1,-1,-1,1,1,1,-1,1,1,-1,1,1,1,1,1,-1,-1,-1,1,-1,-1,1,-1,1,1,1,1,-1,-1,-1,1,-1,-1,1,-1,-1,-1,-1,-1,1,1,1,-1,1,1,-1,1,-1,-1,-1,-1,1,1,1,-1,1,1,-1,1
1,-1,1,1,1,-1,-1,-1,1,-1,-1,1,1,-1,1,1,1,-1,-1,-1,1,-1,-1,1,-1,1,-1,-1,-1,1,1,1,-1,1,1,-1,-1,1,-1,-1,-1,1,1,1,-1,1,1,-1,1,-1,1,1,1,-1,-1,-1,1,-1,-1,1,1,-1,1,1,1,-1,-1,-1,1,-1,-1,1,-1,1,-1,-1,-1,1,1,1,-1,1,1,-1,-1,1,-1,-1,-1,1,1,1,-1,1,1,-1,1,-1,1,1,1,-1,-1,-1,1,-1,-1,1,1,-1,1,1,1,-1,-1,-1,1,-1,-1,1,-1,1,-1,-1,-1,1,1,1,-1,1,1,-1,-1,1,-1,-1,-1,1,1,1,-1,1,1,-1,1,-1,1,1,1,-1,-1,-1,1,-1,-1,1,1,-1,1,1,1,-1,-1,-1,1,-1,-1,1,-1,1,-1,-1,-1,1,1,1,-1,1,1,-1,-1,1,-1,-1,-1,1,1,1,-1,1,1,-1
1,1,-1,1,1,1,-1,-1,-1,1,-1,-1,1,1,-1,1,1,1,-1,-1,-1,1,-1,-1,-1,-1,1,-1,-1,-1,1,1,1,-1,1,1,-1,-1,1,-1,-1,-1,1,1,1,-1,1,1,1,1,-1,1,1,1,-1,-1,-1,1,-1,-1,1,1,-1,1,1,1,-1,-1,-1,1,-1,-1,-1,-1,1,-1,-1,-1,1,1,1,-1,1,1,-1,-1,1,-1,-1,-1,1,1,1,-1,1,1,1,1,-1,1,1,1,-1,-1,-1,1,-1,-1,1,1,-1,1,1,1,-1,-1,-1,1,-1,-1,-1,-1,1,-1,-1,-1,1,1,1,-1,1,1,-1,-1,1,-1,-1,-1,1,1,1,-1,1,1,1,1,-1,1,1,1,-1,-1,-1,1,-1,-1,1,1,-1,1,1,1,-1,-1,-1,1,-1,-1,-1,-1,1,-1,-1,-1,1,1,1,-1,1,1,-1,-1,1,-1,-1,-1,1,1,1,-1,1,1
1,1,1,1,1,1,1,1,1,1,1,1,-1,-1,-1,-1,-1,-1,-1,-1,-1,-1,-1,-1,-1,-1,-1,-1,-1,-1,-1,-1,-1,-1,-1,-1,1,1,1,1,1,1,1,1,1,1,1,1,1,1,1,1,1,1,1,1,1,1,1,1,-1,-1,-1,-1,-1,-1,-1,-1,-1,-1,-1,-1,-1,-1,-1,-1,-1,-1,-1,-1,-1,-1,-1,-1,1,1,1,1,1,1,1,1,1,1,1,1,1,1,1,1,1,1,1,1,1,1,1,1,-1,-1,-1,-1,-1,-1,-1,-1,-1,-1,-1,-1,-1,-1,-1,-1,-1,-1,-1,-1,-1,-1,-1,-1,1,1,1,1,1,1,1,1,1,1,1,1,1,1,1,1,1,1,1,1,1,1,1,1,-1,-1,-1,-1,-1,-1,-1,-1,-1,-1,-1,-1,-1,-1,-1,-1,-1,-1,-1,-1,-1,-1,-1,-1,1,1,1,1,1,1,1,1,1,1,1,1
1,-1,1,-1,1,1,1,-1,-1,-1,1,-1,-1,1,-1,1,-1,-1,-1,1,1,1,-1,1,-1,1,-1,1,-1,-1,-1,1,1,1,-1,1,1,-1,1,-1,1,1,1,-1,-1,-1,1,-1,1,-1,1,-1,1,1,1,-1,-1,-1,1,-1,-1,1,-1,1,-1,-1,-1,1,1,1,-1,1,-1,1,-1,1,-1,-1,-1,1,1,1,-1,1,1,-1,1,-1,1,1,1,-1,-1,-1,1,-1,1,-1,1,-1,1,1,1,-1,-1,-1,1,-1,-1,1,-1,1,-1,-1,-1,1,1,1,-1,1,-1,1,-1,1,-1,-1,-1,1,1,1,-1,1,1,-1,1,-1,1,1,1,-1,-1,-1,1,-1,1,-1,1,-1,1,1,1,-1,-1,-1,1,-1,-1,1,-1,1,-1,-1,-1,1,1,1,-1,1,-1,1,-1,1,-1,-1,-1,1,1,1,-1,1,1,-1,1,-1,1,1,1,-1,-1,-1,1,-1
1,-1,-1,1,-1,1,1,1,-1,-1,-1,1,-1,1,1,-1,1,-1,-1,-1,1,1,1,-1,-1,1,1,-1,1,-1,-1,-1,1,1,1,-1,1,-1,-1,1,-1,1,1,1,-1,-1,-1,1,1,-1,-1,1,-1,1,1,1,-1,-1,-1,1,-1,1,1,-1,1,-1,-1,-1,1,1,1,-1,-1,1,1,-1,1,-1,-1,-1,1,1,1,-1,1,-1,-1,1,-1,1,1,1,-1,-1,-1,1,1,-1,-1,1,-1,1,1,1,-1,-1,-1,1,-1,1,1,-1,1,-1,-1,-1,1,1,1,-1,-1,1,1,-1,1,-1,-1,-1,1,1,1,-1,1,-1,-1,1,-1,1,1,1,-1,-1,-1,1,1,-1,-1,1,-1,1,1,1,-1,-1,-1,1,-1,1,1,-1,1,-1,-1,-1,1,1,1,-1,-1,1,1,-1,1,-1,-1,-1,1,1,1,-1,1,-1,-1,1,-1,1,1,1,-1,-1,-1,1
1,1,-1,-1,1,-1,1,1,1,-1,-1,-1,-1,-1,1,1,-1,1,-1,-1,-1,1,1,1,-1,-1,1,1,-1,1,-1,-1,-1,1,1,1,1,1,-1,-1,1,-1,1,1,1,-1,-1,-1,1,1,-1,-1,1,-1,1,1,1,-1,-1,-1,-1,-1,1,1,-1,1,-1,-1,-1,1,1,1,-1,-1,1,1,-1,1,-1,-1,-1,1,1,1,1,1,-1,-1,1,-1,1,1,1,-1,-1,-1,1,1,-1,-1,1,-1,1,1,1,-1,-1,-1,-1,-1,1,1,-1,1,-1,-1,-1,1,1,1,-1,-1,1,1,-1,1,-1,-1,-1,1,1,1,1,1,-1,-1,1,-1,1,1,1,-1,-1,-1,1,1,-1,-1,1,-1,1,1,1,-1,-1,-1,-1,-1,1,1,-1,1,-1,-1,-1,1,1,1,-1,-1,1,1,-1,1,-1,-1,-1,1,1,1,1,1,-1,-1,1,-1,1,1,1,-1,-1,-1
1,-1,1,-1,-1,1,-1,1,1,1,-1,-1,-1,1,-1,1,1,-1,1,-1,-1,-1,1,1,-1,1,-1,1,1,-1,1,-1,-1,-1,1,1,1,-1,1,-1,-1,1,-1,1,1,1,-1,-1,1,-1,1,-1,-1,1,-1,1,1,1,-1,-1,-1,1,-1,1,1,-1,1,-1,-1,-1,1,1,-1,1,-1,1,1,-1,1,-1,-1,-1,1,1,1,-1,1,-1,-1,1,-1,1,1,1,-1,-1,1,-1,1,-1,-1,1,-1,1,1,1,-1,-1,-1,1,-1,1,1,-1,1,-1,-1,-1,1,1,-1,1,-1,1,1,-1,1,-1,-1,-1,1,1,1,-1,1,-1,-1,1,-1,1,1,1,-1,-1,1,-1,1,-1,-1,1,-1,1,1,1,-1,-1,-1,1,-1,1,1,-1,1,-1,-1,-1,1,1,-1,1,-1,1,1,-1,1,-1,-1,-1,1,1,1,-1,1,-1,-1,1,-1,1,1,1,-1,-1
1,-1,-1,1,-1,-1,1,-1,1,1,1,-1,-1,1,1,-1,1,1,-1,1,-1,-1,-1,1,-1,1,1,-1,1,1,-1,1,-1,-1,-1,1,1,-1,-1,1,-1,-1,1,-1,1,1,1,-1,1,-1,-1,1,-1,-1,1,-1,1,1,1,-1,-1,1,1,-1,1,1,-1,1,-1,-1,-1,1,-1,1,1,-1,1,1,-1,1,-1,-1,-1,1,1,-1,-1,1,-1,-1,1,-1,1,1,1,-1,1,-1,-1,1,-1,-1,1,-1,1,1,1,-1,-1,1,1,-1,1,1,-1,1,-1,-1,-1,1,-1,1,1,-1,1,1,-1,1,-1,-1,-1,1,1,-1,-1,1,-1,-1,1,-1,1,1,1,-1,1,-1,-1,1,-1,-1,1,-1,1,1,1,-1,-1,1,1,-1,1,1,-1,1,-1,-1,-1,1,-1,1,1,-1,1,1,-1,1,-1,-1,-1,1,1,-1,-1,1,-1,-1,1,-1,1,1,1,-1
1,-1,-1,-1,1,-1,-1,1,-1,1,1,1,-1,1,1,1,-1,1,1,-1,1,-1,-1,-1,-1,1,1,1,-1,1,1,-1,1,-1,-1,-1,1,-1,-1,-1,1,-1,-1,1,-1,1,1,1,1,-1,-1,-1,1,-1,-1,1,-1,1,1,1,-1,1,1,1,-1,1,1,-1,1,-1,-1,-1,-1,1,1,1,-1,1,1,-1,1,-1,-1,-1,1,-1,-1,-1,1,-1,-1,1,-1,1,1,1,1,-1,-1,-1,1,-1,-1,1,-1,1,1,1,-1,1,1,1,-1,1,1,-1,1,-1,-1,-1,-1,1,1,1,-1,1,1,-1,1,-1,-1,-1,1,-1,-1,-1,1,-1,-1,1,-1,1,1,1,1,-1,-1,-1,1,-1,-1,1,-1,1,1,1,-1,1,1,1,-1,1,1,-1,1,-1,-1,-1,-1,1,1,1,-1,1,1,-1,1,-1,-1,-1,1,-1,-1,-1,1,-1,-1,1,-1,1,1,1
1,1,-1,-1,-1,1,-1,-1,1,-1,1,1,-1,-1,1,1,1,-1,1,1,-1,1,-1,-1,-1,-1,1,1,1,-1,1,1,-1,1,-1,-1,1,1,-1,-1,-1,1,-1,-1,1,-1,1,1,1,1,-1,-1,-1,1,-1,-1,1,-1,1,1,-1,-1,1,1,1,-1,1,1,-1,1,-1,-1,-1,-1,1,1,1,-1,1,1,-1,1,-1,-1,1,1,-1,-1,-1,1,-1,-1,1,-1,1,1,1,1,-1,-1,-1,1,-1,-1,1,-1,1,1,-1,-1,1,1,1,-1,1,1,-1,1,-1,-1,-1,-1,1,1,1,-1,1,1,-1,1,-1,-1,1,1,-1,-1,-1,1,-1,-1,1,-1,1,1,1,1,-1,-1,-1,1,-1,-1,1,-1,1,1,-1,-1,1,1,1,-1,1,1,-1,1,-1,-1,-1,-1,1,1,1,-1,1,1,-1,1,-1,-1,1,1,-1,-1,-1,1,-1,-1,1,-1,1,1
1,1,1,-1,-1,-1,1,-1,-1,1,-1,1,-1,-1,-1,1,1,1,-1,1,1,-1,1,-1,-1,-1,-1,1,1,1,-1,1,1,-1,1,-1,1,1,1,-1,-1,-1,1,-1,-1,1,-1,1,1,1,1,-1,-1,-1,1,-1,-1,1,-1,1,-1,-1,-1,1,1,1,-1,1,1,-1,1,-1,-1,-1,-1,1,1,1,-1,1,1,-1,1,-1,1,1,1,-1,-1,-1,1,-1,-1,1,-1,1,1,1,1,-1,-1,-1,1,-1,-1,1,-1,1,-1,-1,-1,1,1,1,-1,1,1,-1,1,-1,-1,-1,-1,1,1,1,-1,1,1,-1,1,-1,1,1,1,-1,-1,-1,1,-1,-1,1,-1,1,1,1,1,-1,-1,-1,1,-1,-1,1,-1,1,-1,-1,-1,1,1,1,-1,1,1,-1,1,-1,-1,-1,-1,1,1,1,-1,1,1,-1,1,-1,1,1,1,-1,-1,-1,1,-1,-1,1,-1,1
1,1,1,1,-1,-1,-1,1,-1,-1,1,-1,-1,-1,-1,-1,1,1,1,-1,1,1,-1,1,-1,-1,-1,-1,1,1,1,-1,1,1,-1,1,1,1,1,1,-1,-1,-1,1,-1,-1,1,-1,1,1,1,1,-1,-1,-1,1,-1,-1,1,-1,-1,-1,-1,-1,1,1,1,-1,1,1,-1,1,-1,-1,-1,-1,1,1,1,-1,1,1,-1,1,1,1,1,1,-1,-1,-1,1,-1,-1,1,-1,1,1,1,1,-1,-1,-1,1,-1,-1,1,-1,-1,-1,-1,-1,1,1,1,-1,1,1,-1,1,-1,-1,-1,-1,1,1,1,-1,1,1,-1,1,1,1,1,1,-1,-1,-1,1,-1,-1,1,-1,1,1,1,1,-1,-1,-1,1,-1,-1,1,-1,-1,-1,-1,-1,1,1,1,-1,1,1,-1,1,-1,-1,-1,-1,1,1,1,-1,1,1,-1,1,1,1,1,1,-1,-1,-1,1,-1,-1,1,-1
1,-1,1,1,1,-1,-1,-1,1,-1,-1,1,-1,1,-1,-1,-1,1,1,1,-1,1,1,-1,-1,1,-1,-1,-1,1,1,1,-1,1,1,-1,1,-1,1,1,1,-1,-1,-1,1,-1,-1,1,1,-1,1,1,1,-1,-1,-1,1,-1,-1,1,-1,1,-1,-1,-1,1,1,1,-1,1,1,-1,-1,1,-1,-1,-1,1,1,1,-1,1,1,-1,1,-1,1,1,1,-1,-1,-1,1,-1,-1,1,1,-1,1,1,1,-1,-1,-1,1,-1,-1,1,-1,1,-1,-1,-1,1,1,1,-1,1,1,-1,-1,1,-1,-1,-1,1,1,1,-1,1,1,-1,1,-1,1,1,1,-1,-1,-1,1,-1,-1,1,1,-1,1,1,1,-1,-1,-1,1,-1,-1,1,-1,1,-1,-1,-1,1,1,1,-1,1,1,-1,-1,1,-1,-1,-1,1,1,1,-1,1,1,-1,1,-1,1,1,1,-1,-1,-1,1,-1,-1,1
1,1,-1,1,1,1,-1,-1,-1,1,-1,-1,-1,-1,1,-1,-1,-1,1,1,1,-1,1,1,-1,-1,1,-1,-1,-1,1,1,1,-1,1,1,1,1,-1,1,1,1,-1,-1,-1,1,-1,-1,1,1,-1,1,1,1,-1,-1,-1,1,-1,-1,-1,-1,1,-1,-1,-1,1,1,1,-1,1,1,-1,-1,1,-1,-1,-1,1,1,1,-1,1,1,1,1,-1,1,1,1,-1,-1,-1,1,-1,-1,1,1,-1,1,1,1,-1,-1,-1,1,-1,-1,-1,-1,1,-1,-1,-1,1,1,1,-1,1,1,-1,-1,1,-1,-1,-1,1,1,1,-1,1,1,1,1,-1,1,1,1,-1,-1,-1,1,-1,-1,1,1,-1,1,1,1,-1,-1,-1,1,-1,-1,-1,-1,1,-1,-1,-1,1,1,1,-1,1,1,-1,-1,1,-1,-1,-1,1,1,1,-1,1,1,1,1,-1,1,1,1,-1,-1,-1,1,-1,-1
1,1,1,1,1,1,1,1,1,1,1,1,1,1,1,1,1,1,1,1,1,1,1,1,1,1,1,1,1,1,1,1,1,1,1,1,1,1,1,1,1,1,1,1,1,1,1,1,-1,-1,-1,-1,-1,-1,-1,-1,-1,-1,-1,-1,-1,-1,-1,-1,-1,-1,-1,-1,-1,-1,-1,-1,-1,-1,-1,-1,-1,-1,-1,-1,-1,-1,-1,-1,-1,-1,-1,-1,-1,-1,-1,-1,-1,-1,-1,-1,1,1,1,1,1,1,1,1,1,1,1,1,1,1,1,1,1,1,1,1,1,1,1,1,1,1,1,1,1,1,1,1,1,1,1,1,1,1,1,1,1,1,1,1,1,1,1,1,-1,-1,-1,-1,-1,-1,-1,-1,-1,-1,-1,-1,-1,-1,-1,-1,-1,-1,-1,-1,-1,-1,-1,-1,-1,-1,-1,-1,-1,-1,-1,-1,-1,-1,-1,-1,-1,-1,-1,-1,-1,-1,-1,-1,-1,-1,-1,-1
1,-1,1,-1,1,1,1,-1,-1,-1,1,-1,1,-1,1,-1,1,1,1,-1,-1,-1,1,-1,1,-1,1,-1,1,1,1,-1,-1,-1,1,-1,1,-1,1,-1,1,1,1,-1,-1,-1,1,-1,-1,1,-1,1,-1,-1,-1,1,1,1,-1,1,-1,1,-1,1,-1,-1,-1,1,1,1,-1,1,-1,1,-1,1,-1,-1,-1,1,1,1,-1,1,-1,1,-1,1,-1,-1,-1,1,1,1,-1,1,1,-1,1,-1,1,1,1,-1,-1,-1,1,-1,1,-1,1,-1,1,1,1,-1,-1,-1,1,-1,1,-1,1,-1,1,1,1,-1,-1,-1,1,-1,1,-1,1,-1,1,1,1,-1,-1,-1,1,-1,-1,1,-1,1,-1,-1,-1,1,1,1,-1,1,-1,1,-1,1,-1,-1,-1,1,1,1,-1,1,-1,1,-1,1,-1,-1,-1,1,1,1,-1,1,-1,1,-1,1,-1,-1,-1,1,1,1,-1,1
1,-1,-1,1,-1,1,1,1,-1,-1,-1,1,1,-1,-1,1,-1,1,1,1,-1,-1,-1,1,1,-1,-1,1,-1,1,1,1,-1,-1,-1,1,1,-1,-1,1,-1,1,1,1,-1,-1,-1,1,-1,1,1,-1,1,-1,-1,-1,1,1,1,-1,-1,1,1,-1,1,-1,-1,-1,1,1,1,-1,-1,1,1,-1,1,-1,-1,-1,1,1,1,-1,-1,1,1,-1,1,-1,-1,-1,1,1,1,-1,1,-1,-1,1,-1,1,1,1,-1,-1,-1,1,1,-1,-1,1,-1,1,1,1,-1,-1,-1,1,1,-1,-1,1,-1,1,1,1,-1,-1,-1,1,1,-1,-1,1,-1,1,1,1,-1,-1,-1,1,-1,1,1,-1,1,-1,-1,-1,1,1,1,-1,-1,1,1,-1,1,-1,-1,-1,1,1,1,-1,-1,1,1,-1,1,-1,-1,-1,1,1,1,-1,-1,1,1,-1,1,-1,-1,-1,1,1,1,-1
1,1,-1,-1,1,-1,1,1,1,-1,-1,-1,1,1,-1,-1,1,-1,1,1,1,-1,-1,-1,1,1,-1,-1,1,-1,1,1,1,-1,-1,-1,1,1,-1,-1,1,-1,1,1,1,-1,-1,-1,-1,-1,1,1,-1,1,-1,-1,-1,1,1,1,-1,-1,1,1,-1,1,-1,-1,-1,1,1,1,-1,-1,1,1,-1,1,-1,-1,-1,1,1,1,-1,-1,1,1,-1,1,-1,-1,-1,1,1,1,1,1,-1,-1,1,-1,1,1,1,-1,-1,-1,1,1,-1,-1,1,-1,1,1,1,-1,-1,-1,1,1,-1,-1,1,-1,1,1,1,-1,-1,-1,1,1,-1,-1,1,-1,1,1,1,-1,-1,-1,-1,-1,1,1,-1,1,-1,-1,-1,1,1,1,-1,-1,1,1,-1,1,-1,-1,-1,1,1,1,-1,-1,1,1,-1,1,-1,-1,-1,1,1,1,-1,-1,1,1,-1,1,-1,-1,-1,1,1,1
1,-1,1,-1,-1,1,-1,1,1,1,-1,-1,1,-1,1,-1,-1,1,-1,1,1,1,-1,-1,1,-1,1,-1,-1,1,-1,1,1,1,-1,-1,1,-1,1,-1,-1,1,-1,1,1,1,-1,-1,-1,1,-1,1,1,-1,1,-1,-1,-1,1,1,-1,1,-1,1,1,-1,1,-1,-1,-1,1,1,-1,1,-1,1,1,-1,1,-1,-1,-1,1,1,-1,1,-1,1,1,-1,1,-1,-1,-1,1,1,1,-1,1,-1,-1,1,-1,1,1,1,-1,-1,1,-1,1,-1,-1,1,-1,1,1,1,-1,-1,1,-1,1,-1,-1,1,-1,1,1,1,-1,-1,1,-1,1,-1,-1,1,-1,1,1,1,-1,-1,-1,1,-1,1,1,-1,1,-1,-1,-1,1,1,-1,1,-1,1,1,-1,1,-1,-1,-1,1,1,-1,1,-1,1,1,-1,1,-1,-1,-1,1,1,-1,1,-1,1,1,-1,1,-1,-1,-1,1,1
1,-1,-1,1,-1,-1,1,-1,1,1,1,-1,1,-1,-1,1,-1,-1,1,-1,1,1,1,-1,1,-1,-1,1,-1,-1,1,-1,1,1,1,-1,1,-1,-1,1,-1,-1,1,-1,1,1,1,-1,-1,1,1,-1,1,1,-1,1,-1,-1,-1,1,-1,1,1,-1,1,1,-1,1,-1,-1,-1,1,-1,1,1,-1,1,1,-1,1,-1,-1,-1,1,-1,1,1,-1,1,1,-1,1,-1,-1,-1,1,1,-1,-1,1,-1,-1,1,-1,1,1,1,-1,1,-1,-1,1,-1,-1,1,-1,1,1,1,-1,1,-1,-1,1,-1,-1,1,-1,1,1,1,-1,1,-1,-1,1,-1,-1,1,-1,1,1,1,-1,-1,1,1,-1,1,1,-1,1,-1,-1,-1,1,-1,1,1,-1,1,1,-1,1,-1,-1,-1,1,-1,1,1,-1,1,1,-1,1,-1,-1,-1,1,-1,1,1,-1,1,1,-1,1,-1,-1,-1,1
1,-1,-1,-1,1,-1,-1,1,-1,1,1,1,1,-1,-1,-1,1,-1,-1,1,-1,1,1,1,1,-1,-1,-1,1,-1,-1,1,-1,1,1,1,1,-1,-1,-1,1,-1,-1,1,-1,1,1,1,-1,1,1,1,-1,1,1,-1,1,-1,-1,-1,-1,1,1,1,-1,1,1,-1,1,-1,-1,-1,-1,1,1,1,-1,1,1,-1,1,-1,-1,-1,-1,1,1,1,-1,1,1,-1,1,-1,-1,-1,1,-1,-1,-1,1,-1,-1,1,-1,1,1,1,1,-1,-1,-1,1,-1,-1,1,-1,1,1,1,1,-1,-1,-1,1,-1,-1,1,-1,1,1,1,1,-1,-1,-1,1,-1,-1,1,-1,1,1,1,-1,1,1,1,-1,1,1,-1,1,-1,-1,-1,-1,1,1,1,-1,1,1,-1,1,-1,-1,-1,-1,1,1,1,-1,1,1,-1,1,-1,-1,-1,-1,1,1,1,-1,1,1,-1,1,-1,-1,-1
1,1,-1,-1,-1,1,-1,-1,1,-1,1,1,1,1,-1,-1,-1,1,-1,-1,1,-1,1,1,1,1,-1,-1,-1,1,-1,-1,1,-1,1,1,1,1,-1,-1,-1,1,-1,-1,1,-1,1,1,-1,-1,1,1,1,-1,1,1,-1,1,-1,-1,-1,-1,1,1,1,-1,1,1,-1,1,-1,-1,-1,-1,1,1,1,-1,1,1,-1,1,-1,-1,-1,-1,1,1,1,-1,1,1,-1,1,-1,-1,1,1,-1,-1,-1,1,-1,-1,1,-1,1,1,1,1,-1,-1,-1,1,-1,-1,1,-1,1,1,1,1,-1,-1,-1,1,-1,-1,1,-1,1,1,1,1,-1,-1,-1,1,-1,-1,1,-1,1,1,-1,-1,1,1,1,-1,1,1,-1,1,-1,-1,-1,-1,1,1,1,-1,1,1,-1,1,-1,-1,-1,-1,1,1,1,-1,1,1,-1,1,-1,-1,-1,-1,1,1,1,-1,1,1,-1,1,-1,-1
1,1,1,-1,-1,-1,1,-1,-1,1,-1,1,1,1,1,-1,-1,-1,1,-1,-1,1,-1,1,1,1,1,-1,-1,-1,1,-1,-1,1,-1,1,1,1,1,-1,-1,-1,1,-1,-1,1,-1,1,-1,-1,-1,1,1,1,-1,1,1,-1,1,-1,-1,-1,-1,1,1,1,-1,1,1,-1,1,-1,-1,-1,-1,1,1,1,-1,1,1,-1,1,-1,-1,-1,-1,1,1,1,-1,1,1,-1,1,-1,1,1,1,-1,-1,-1,1,-1,-1,1,-1,1,1,1,1,-1,-1,-1,1,-1,-1,1,-1,1,1,1,1,-1,-1,-1,1,-1,-1,1,-1,1,1,1,1,-1,-1,-1,1,-1,-1,1,-1,1,-1,-1,-1,1,1,1,-1,1,1,-1,1,-1,-1,-1,-1,1,1,1,-1,1,1,-1,1,-1,-1,-1,-1,1,1,1,-1,1,1,-1,1,-1,-1,-1,-1,1,1,1,-1,1,1,-1,1,-1
1,1,1,1,-1,-1,-1,1,-1,-1,1,-1,1,1,1,1,-1,-1,-1,1,-1,-1,1,-1,1,1,1,1,-1,-1,-1,1,-1,-1,1,-1,1,1,1,1,-1,-1,-1,1,-1,-1,1,-1,-1,-1,-1,-1,1,1,1,-1,1,1,-1,1,-1,-1,-1,-1,1,1,1,-1,1,1,-1,1,-1,-1,-1,-1,1,1,1,-1,1,1,-1,1,-1,-1,-1,-1,1,1,1,-1,1,1,-1,1,1,1,1,1,-1,-1,-1,1,-1,-1,1,-1,1,1,1,1,-1,-1,-1,1,-1,-1,1,-1,1,1,1,1,-1,-1,-1,1,-1,-1,1,-1,1,1,1,1,-1,-1,-1,1,-1,-1,1,-1,-1,-1,-1,-1,1,1,1,-1,1,1,-1,1,-1,-1,-1,-1,1,1,1,-1,1,1,-1,1,-1,-1,-1,-1,1,1,1,-1,1,1,-1,1,-1,-1,-1,-1,1,1,1,-1,1,1,-1,1
1,-1,1,1,1,-1,-1,-1,1,-1,-1,1,1,-1,1,1,1,-1,-1,-1,1,-1,-1,1,1,-1,1,1,1,-1,-1,-1,1,-1,-1,1,1,-1,1,1,1,-1,-1,-1,1,-1,-1,1,-1,1,-1,-1,-1,1,1,1,-1,1,1,-1,-1,1,-1,-1,-1,1,1,1,-1,1,1,-1,-1,1,-1,-1,-1,1,1,1,-1,1,1,-1,-1,1,-1,-1,-1,1,1,1,-1,1,1,-1,1,-1,1,1,1,-1,-1,-1,1,-1,-1,1,1,-1,1,1,1,-1,-1,-1,1,-1,-1,1,1,-1,1,1,1,-1,-1,-1,1,-1,-1,1,1,-1,1,1,1,-1,-1,-1,1,-1,-1,1,-1,1,-1,-1,-1,1,1,1,-1,1,1,-1,-1,1,-1,-1,-1,1,1,1,-1,1,1,-1,-1,1,-1,-1,-1,1,1,1,-1,1,1,-1,-1,1,-1,-1,-1,1,1,1,-1,1,1,-1
1,1,-1,1,1,1,-1,-1,-1,1,-1,-1,1,1,-1,1,1,1,-1,-1,-1,1,-1,-1,1,1,-1,1,1,1,-1,-1,-1,1,-1,-1,1,1,-1,1,1,1,-1,-1,-1,1,-1,-1,-1,-1,1,-1,-1,-1,1,1,1,-1,1,1,-1,-1,1,-1,-1,-1,1,1,1,-1,1,1,-1,-1,1,-1,-1,-1,1,1,1,-1,1,1,-1,-1,1,-1,-1,-1,1,1,1,-1,1,1,1,1,-1,1,1,1,-1,-1,-1,1,-1,-1,1,1,-1,1,1,1,-1,-1,-1,1,-1,-1,1,1,-1,1,1,1,-1,-1,-1,1,-1,-1,1,1,-1,1,1,1,-1,-1,-1,1,-1,-1,-1,-1,1,-1,-1,-1,1,1,1,-1,1,1,-1,-1,1,-1,-1,-1,1,1,1,-1,1,1,-1,-1,1,-1,-1,-1,1,1,1,-1,1,1,-1,-1,1,-1,-1,-1,1,1,1,-1,1,1
1,1,1,1,1,1,1,1,1,1,1,1,-1,-1,-1,-1,-1,-1,-1,-1,-1,-1,-1,-1,1,1,1,1,1,1,1,1,1,1,1,1,-1,-1,-1,-1,-1,-1,-1,-1,-1,-1,-1,-1,-1,-1,-1,-1,-1,-1,-1,-1,-1,-1,-1,-1,1,1,1,1,1,1,1,1,1,1,1,1,-1,-1,-1,-1,-1,-1,-1,-1,-1,-1,-1,-1,1,1,1,1,1,1,1,1,1,1,1,1,1,1,1,1,1,1,1,1,1,1,1,1,-1,-1,-1,-1,-1,-1,-1,-1,-1,-1,-1,-1,1,1,1,1,1,1,1,1,1,1,1,1,-1,-1,-1,-1,-1,-1,-1,-1,-1,-1,-1,-1,-1,-1,-1,-1,-1,-1,-1,-1,-1,-1,-1,-1,1,1,1,1,1,1,1,1,1,1,1,1,-1,-1,-1,-1,-1,-1,-1,-1,-1,-1,-1,-1,1,1,1,1,1,1,1,1,1,1,1,1
1,-1,1,-1,1,1,1,-1,-1,-1,1,-1,-1,1,-1,1,-1,-1,-1,1,1,1,-1,1,1,-1,1,-1,1,1,1,-1,-1,-1,1,-1,-1,1,-1,1,-1,-1,-1,1,1,1,-1,1,-1,1,-1,1,-1,-1,-1,1,1,1,-1,1,1,-1,1,-1,1,1,1,-1,-1,-1,1,-1,-1,1,-1,1,-1,-1,-1,1,1,1,-1,1,1,-1,1,-1,1,1,1,-1,-1,-1,1,-1,1,-1,1,-1,1,1,1,-1,-1,-1,1,-1,-1,1,-1,1,-1,-1,-1,1,1,1,-1,1,1,-1,1,-1,1,1,1,-1,-1,-1,1,-1,-1,1,-1,1,-1,-1,-1,1,1,1,-1,1,-1,1,-1,1,-1,-1,-1,1,1,1,-1,1,1,-1,1,-1,1,1,1,-1,-1,-1,1,-1,-1,1,-1,1,-1,-1,-1,1,1,1,-1,1,1,-1,1,-1,1,1,1,-1,-1,-1,1,-1
1,-1,-1,1,-1,1,1,1,-1,-1,-1,1,-1,1,1,-1,1,-1,-1,-1,1,1,1,-1,1,-1,-1,1,-1,1,1,1,-1,-1,-1,1,-1,1,1,-1,1,-1,-1,-1,1,1,1,-1,-1,1,1,-1,1,-1,-1,-1,1,1,1,-1,1,-1,-1,1,-1,1,1,1,-1,-1,-1,1,-1,1,1,-1,1,-1,-1,-1,1,1,1,-1,1,-1,-1,1,-1,1,1,1,-1,-1,-1,1,1,-1,-1,1,-1,1,1,1,-1,-1,-1,1,-1,1,1,-1,1,-1,-1,-1,1,1,1,-1,1,-1,-1,1,-1,1,1,1,-1,-1,-1,1,-1,1,1,-1,1,-1,-1,-1,1,1,1,-1,-1,1,1,-1,1,-1,-1,-1,1,1,1,-1,1,-1,-1,1,-1,1,1,1,-1,-1,-1,1,-1,1,1,-1,1,-1,-1,-1,1,1,1,-1,1,-1,-1,1,-1,1,1,1,-1,-1,-1,1
1,1,-1,-1,1,-1,1,1,1,-1,-1,-1,-1,-1,1,1,-1,1,-1,-1,-1,1,1,1,1,1,-1,-1,1,-1,1,1,1,-1,-1,-1,-1,-1,1,1,-1,1,-1,-1,-1,1,1,1,-1,-1,1,1,-1,1,-1,-1,-1,1,1,1,1,1,-1,-1,1,-1,1,1,1,-1,-1,-1,-1,-1,1,1,-1,1,-1,-1,-1,1,1,1,1,1,-1,-1,1,-1,1,1,1,-1,-1,-1,1,1,-1,-1,1,-1,1,1,1,-1,-1,-1,-1,-1,1,1,-1,1,-1,-1,-1,1,1,1,1,1,-1,-1,1,-1,1,1,1,-1,-1,-1,-1,-1,1,1,-1,1,-1,-1,-1,1,1,1,-1,-1,1,1,-1,1,-1,-1,-1,1,1,1,1,1,-1,-1,1,-1,1,1,1,-1,-1,-1,-1,-1,1,1,-1,1,-1,-1,-1,1,1,1,1,1,-1,-1,1,-1,1,1,1,-1,-1,-1
1,-1,1,-1,-1,1,-1,1,1,1,-1,-1,-1,1,-1,1,1,-1,1,-1,-1,-1,1,1,1,-1,1,-1,-1,1,-1,1,1,1,-1,-1,-1,1,-1,1,1,-1,1,-1,-1,-1,1,1,-1,1,-1,1,1,-1,1,-1,-1,-1,1,1,1,-1,1,-1,-1,1,-1,1,1,1,-1,-1,-1,1,-1,1,1,-1,1,-1,-1,-1,1,1,1,-1,1,-1,-1,1,-1,1,1,1,-1,-1,1,-1,1,-1,-1,1,-1,1,1,1,-1,-1,-1,1,-1,1,1,-1,1,-1,-1,-1,1,1,1,-1,1,-1,-1,1,-1,1,1,1,-1,-1,-1,1,-1,1,1,-1,1,-1,-1,-1,1,1,-1,1,-1,1,1,-1,1,-1,-1,-1,1,1,1,-1,1,-1,-1,1,-1,1,1,1,-1,-1,-1,1,-1,1,1,-1,1,-1,-1,-1,1,1,1,-1,1,-1,-1,1,-1,1,1,1,-1,-1
1,-1,-1,1,-1,-1,1,-1,1,1,1,-1,-1,1,1,-1,1,1,-1,1,-1,-1,-1,1,1,-1,-1,1,-1,-1,1,-1,1,1,1,-1,-1,1,1,-1,1,1,-1,1,-1,-1,-1,1,-1,1,1,-1,1,1,-1,1,-1,-1,-1,1,1,-1,-1,1,-1,-1,1,-1,1,1,1,-1,-1,1,1,-1,1,1,-1,1,-1,-1,-1,1,1,-1,-1,1,-1,-1,1,-1,1,1,1,-1,1,-1,-1,1,-1,-1,1,-1,1,1,1,-1,-1,1,1,-1,1,1,-1,1,-1,-1,-1,1,1,-1,-1,1,-1,-1,1,-1,1,1,1,-1,-1,1,1,-1,1,1,-1,1,-1,-1,-1,1,-1,1,1,-1,1,1,-1,1,-1,-1,-1,1,1,-1,-1,1,-1,-1,1,-1,1,1,1,-1,-1,1,1,-1,1,1,-1,1,-1,-1,-1,1,1,-1,-1,1,-1,-1,1,-1,1,1,1,-1
1,-1,-1,-1,1,-1,-1,1,-1,1,1,1,-1,1,1,1,-1,1,1,-1,1,-1,-1,-1,1,-1,-1,-1,1,-1,-1,1,-1,1,1,1,-1,1,1,1,-1,1,1,-1,1,-1,-1,-1,-1,1,1,1,-1,1,1,-1,1,-1,-1,-1,1,-1,-1,-1,1,-1,-1,1,-1,1,1,1,-1,1,1,1,-1,1,1,-1,1,-1,-1,-1,1,-1,-1,-1,1,-1,-1,1,-1,1,1,1,1,-1,-1,-1,1,-1,-1,1,-1,1,1,1,-1,1,1,1,-1,1,1,-1,1,-1,-1,-1,1,-1,-1,-1,1,-1,-1,1,-1,1,1,1,-1,1,1,1,-1,1,1,-1,1,-1,-1,-1,-1,1,1,1,-1,1,1,-1,1,-1,-1,-1,1,-1,-1,-1,1,-1,-1,1,-1,1,1,1,-1,1,1,1,-1,1,1,-1,1,-1,-1,-1,1,-1,-1,-1,1,-1,-1,1,-1,1,1,1
1,1,-1,-1,-1,1,-1,-1,1,-1,1,1,-1,-1,1,1,1,-1,1,1,-1,1,-1,-1,1,1,-1,-1,-1,1,-1,-1,1,-1,1,1,-1,-1,1,1,1,-1,1,1,-1,1,-1,-1,-1,-1,1,1,1,-1,1,1,-1,1,-1,-1,1,1,-1,-1,-1,1,-1,-1,1,-1,1,1,-1,-1,1,1,1,-1,1,1,-1,1,-1,-1,1,1,-1,-1,-1,1,-1,-1,1,-1,1,1,1,1,-1,-1,-1,1,-1,-1,1,-1,1,1,-1,-1,1,1,1,-1,1,1,-1,1,-1,-1,1,1,-1,-1,-1,1,-1,-1,1,-1,1,1,-1,-1,1,1,1,-1,1,1,-1,1,-1,-1,-1,-1,1,1,1,-1,1,1,-1,1,-1,-1,1,1,-1,-1,-1,1,-1,-1,1,-1,1,1,-1,-1,1,1,1,-1,1,1,-1,1,-1,-1,1,1,-1,-1,-1,1,-1,-1,1,-1,1,1
1,1,1,-1,-1,-1,1,-1,-1,1,-1,1,-1,-1,-1,1,1,1,-1,1,1,-1,1,-1,1,1,1,-1,-1,-1,1,-1,-1,1,-1,1,-1,-1,-1,1,1,1,-1,1,1,-1,1,-1,-1,-1,-1,1,1,1,-1,1,1,-1,1,-1,1,1,1,-1,-1,-1,1,-1,-1,1,-1,1,-1,-1,-1,1,1,1,-1,1,1,-1,1,-1,1,1,1,-1,-1,-1,1,-1,-1,1,-1,1,1,1,1,-1,-1,-1,1,-1,-1,1,-1,1,-1,-1,-1,1,1,1,-1,1,1,-1,1,-1,1,1,1,-1,-1,-1,1,-1,-1,1,-1,1,-1,-1,-1,1,1,1,-1,1,1,-1,1,-1,-1,-1,-1,1,1,1,-1,1,1,-1,1,-1,1,1,1,-1,-1,-1,1,-1,-1,1,-1,1,-1,-1,-1,1,1,1,-1,1,1,-1,1,-1,1,1,1,-1,-1,-1,1,-1,-1,1,-1,1
1,1,1,1,-1,-1,-1,1,-1,-1,1,-1,-1,-1,-1,-1,1,1,1,-1,1,1,-1,1,1,1,1,1,-1,-1,-1,1,-1,-1,1,-1,-1,-1,-1,-1,1,1,1,-1,1,1,-1,1,-1,-1,-1,-1,1,1,1,-1,1,1,-1,1,1,1,1,1,-1,-1,-1,1,-1,-1,1,-1,-1,-1,-1,-1,1,1,1,-1,1,1,-1,1,1,1,1,1,-1,-1,-1,1,-1,-1,1,-1,1,1,1,1,-1,-1,-1,1,-1,-1,1,-1,-1,-1,-1,-1,1,1,1,-1,1,1,-1,1,1,1,1,1,-1,-1,-1,1,-1,-1,1,-1,-1,-1,-1,-1,1,1,1,-1,1,1,-1,1,-1,-1,-1,-1,1,1,1,-1,1,1,-1,1,1,1,1,1,-1,-1,-1,1,-1,-1,1,-1,-1,-1,-1,-1,1,1,1,-1,1,1,-1,1,1,1,1,1,-1,-1,-1,1,-1,-1,1,-1
1,-1,1,1,1,-1,-1,-1,1,-1,-1,1,-1,1,-1,-1,-1,1,1,1,-1,1,1,-1,1,-1,1,1,1,-1,-1,-1,1,-1,-1,1,-1,1,-1,-1,-1,1,1,1,-1,1,1,-1,-1,1,-1,-1,-1,1,1,1,-1,1,1,-1,1,-1,1,1,1,-1,-1,-1,1,-1,-1,1,-1,1,-1,-1,-1,1,1,1,-1,1,1,-1,1,-1,1,1,1,-1,-1,-1,1,-1,-1,1,1,-1,1,1,1,-1,-1,-1,1,-1,-1,1,-1,1,-1,-1,-1,1,1,1,-1,1,1,-1,1,-1,1,1,1,-1,-1,-1,1,-1,-1,1,-1,1,-1,-1,-1,1,1,1,-1,1,1,-1,-1,1,-1,-1,-1,1,1,1,-1,1,1,-1,1,-1,1,1,1,-1,-1,-1,1,-1,-1,1,-1,1,-1,-1,-1,1,1,1,-1,1,1,-1,1,-1,1,1,1,-1,-1,-1,1,-1,-1,1
1,1,-1,1,1,1,-1,-1,-1,1,-1,-1,-1,-1,1,-1,-1,-1,1,1,1,-1,1,1,1,1,-1,1,1,1,-1,-1,-1,1,-1,-1,-1,-1,1,-1,-1,-1,1,1,1,-1,1,1,-1,-1,1,-1,-1,-1,1,1,1,-1,1,1,1,1,-1,1,1,1,-1,-1,-1,1,-1,-1,-1,-1,1,-1,-1,-1,1,1,1,-1,1,1,1,1,-1,1,1,1,-1,-1,-1,1,-1,-1,1,1,-1,1,1,1,-1,-1,-1,1,-1,-1,-1,-1,1,-1,-1,-1,1,1,1,-1,1,1,1,1,-1,1,1,1,-1,-1,-1,1,-1,-1,-1,-1,1,-1,-1,-1,1,1,1,-1,1,1,-1,-1,1,-1,-1,-1,1,1,1,-1,1,1,1,1,-1,1,1,1,-1,-1,-1,1,-1,-1,-1,-1,1,-1,-1,-1,1,1,1,-1,1,1,1,1,-1,1,1,1,-1,-1,-1,1,-1,-1
1,1,1,1,1,1,1,1,1,1,1,1,1,1,1,1,1,1,1,1,1,1,1,1,-1,-1,-1,-1,-1,-1,-1,-1,-1,-1,-1,-1,-1,-1,-1,-1,-1,-1,-1,-1,-1,-1,-1,-1,-1,-1,-1,-1,-1,-1,-1,-1,-1,-1,-1,-1,-1,-1,-1,-1,-1,-1,-1,-1,-1,-1,-1,-1,1,1,1,1,1,1,1,1,1,1,1,1,1,1,1,1,1,1,1,1,1,1,1,1,1,1,1,1,1,1,1,1,1,1,1,1,1,1,1,1,1,1,1,1,1,1,1,1,-1,-1,-1,-1,-1,-1,-1,-1,-1,-1,-1,-1,-1,-1,-1,-1,-1,-1,-1,-1,-1,-1,-1,-1,-1,-1,-1,-1,-1,-1,-1,-1,-1,-1,-1,-1,-1,-1,-1,-1,-1,-1,-1,-1,-1,-1,-1,-1,1,1,1,1,1,1,1,1,1,1,1,1,1,1,1,1,1,1,1,1,1,1,1,1
1,-1,1,-1,1,1,1,-1,-1,-1,1,-1,1,-1,1,-1,1,1,1,-1,-1,-1,1,-1,-1,1,-1,1,-1,-1,-1,1,1,1,-1,1,-1,1,-1,1,-1,-1,-1,1,1,1,-1,1,-1,1,-1,1,-1,-1,-1,1,1,1,-1,1,-1,1,-1,1,-1,-1,-1,1,1,1,-1,1,1,-1,1,-1,1,1,1,-1,-1,-1,1,-1,1,-1,1,-1,1,1,1,-1,-1,-1,1,-1,1,-1,1,-1,1,1,1,-1,-1,-1,1,-1,1,-1,1,-1,1,1,1,-1,-1,-1,1,-1,-1,1,-1,1,-1,-1,-1,1,1,1,-1,1,-1,1,-1,1,-1,-1,-1,1,1,1,-1,1,-1,1,-1,1,-1,-1,-1,1,1,1,-1,1,-1,1,-1,1,-1,-1,-1,1,1,1,-1,1,1,-1,1,-1,1,1,1,-1,-1,-1,1,-1,1,-1,1,-1,1,1,1,-1,-1,-1,1,-1
1,-1,-1,1,-1,1,1,1,-1,-1,-1,1,1,-1,-1,1,-1,1,1,1,-1,-1,-1,1,-1,1,1,-1,1,-1,-1,-1,1,1,1,-1,-1,1,1,-1,1,-1,-1,-1,1,1,1,-1,-1,1,1,-1,1,-1,-1,-1,1,1,1,-1,-1,1,1,-1,1,-1,-1,-1,1,1,1,-1,1,-1,-1,1,-1,1,1,1,-1,-1,-1,1,1,-1,-1,1,-1,1,1,1,-1,-1,-1,1,1,-1,-1,1,-1,1,1,1,-1,-1,-1,1,1,-1,-1,1,-1,1,1,1,-1,-1,-1,1,-1,1,1,-1,1,-1,-1,-1,1,1,1,-1,-1,1,1,-1,1,-1,-1,-1,1,1,1,-1,-1,1,1,-1,1,-1,-1,-1,1,1,1,-1,-1,1,1,-1,1,-1,-1,-1,1,1,1,-1,1,-1,-1,1,-1,1,1,1,-1,-1,-1,1,1,-1,-1,1,-1,1,1,1,-1,-1,-1,1
1,1,-1,-1,1,-1,1,1,1,-1,-1,-1,1,1,-1,-1,1,-1,1,1,1,-1,-1,-1,-1,-1,1,1,-1,1,-1,-1,-1,1,1,1,-1,-1,1,1,-1,1,-1,-1,-1,1,1,1,-1,-1,1,1,-1,1,-1,-1,-1,1,1,1,-1,-1,1,1,-1,1,-1,-1,-1,1,1,1,1,1,-1,-1,1,-1,1,1,1,-1,-1,-1,1,1,-1,-1,1,-1,1,1,1,-1,-1,-1,1,1,-1,-1,1,-1,1,1,1,-1,-1,-1,1,1,-1,-1,1,-1,1,1,1,-1,-1,-1,-1,-1,1,1,-1,1,-1,-1,-1,1,1,1,-1,-1,1,1,-1,1,-1,-1,-1,1,1,1,-1,-1,1,1,-1,1,-1,-1,-1,1,1,1,-1,-1,1,1,-1,1,-1,-1,-1,1,1,1,1,1,-1,-1,1,-1,1,1,1,-1,-1,-1,1,1,-1,-1,1,-1,1,1,1,-1,-1,-1
1,-1,1,-1,-1,1,-1,1,1,1,-1,-1,1,-1,1,-1,-1,1,-1,1,1,1,-1,-1,-1,1,-1,1,1,-1,1,-1,-1,-1,1,1,-1,1,-1,1,1,-1,1,-1,-1,-1,1,1,-1,1,-1,1,1,-1,1,-1,-1,-1,1,1,-1,1,-1,1,1,-1,1,-1,-1,-1,1,1,1,-1,1,-1,-1,1,-1,1,1,1,-1,-1,1,-1,1,-1,-1,1,-1,1,1,1,-1,-1,1,-1,1,-1,-1,1,-1,1,1,1,-1,-1,1,-1,1,-1,-1,1,-1,1,1,1,-1,-1,-1,1,-1,1,1,-1,1,-1,-1,-1,1,1,-1,1,-1,1,1,-1,1,-1,-1,-1,1,1,-1,1,-1,1,1,-1,1,-1,-1,-1,1,1,-1,1,-1,1,1,-1,1,-1,-1,-1,1,1,1,-1,1,-1,-1,1,-1,1,1,1,-1,-1,1,-1,1,-1,-1,1,-1,1,1,1,-1,-1
1,-1,-1,1,-1,-1,1,-1,1,1,1,-1,1,-1,-1,1,-1,-1,1,-1,1,1,1,-1,-1,1,1,-1,1,1,-1,1,-1,-1,-1,1,-1,1,1,-1,1,1,-1,1,-1,-1,-1,1,-1,1,1,-1,1,1,-1,1,-1,-1,-1,1,-1,1,1,-1,1,1,-1,1,-1,-1,-1,1,1,-1,-1,1,-1,-1,1,-1,1,1,1,-1,1,-1,-1,1,-1,-1,1,-1,1,1,1,-1,1,-1,-1,1,-1,-1,1,-1,1,1,1,-1,1,-1,-1,1,-1,-1,1,-1,1,1,1,-1,-1,1,1,-1,1,1,-1,1,-1,-1,-1,1,-1,1,1,-1,1,1,-1,1,-1,-1,-1,1,-1,1,1,-1,1,1,-1,1,-1,-1,-1,1,-1,1,1,-1,1,1,-1,1,-1,-1,-1,1,1,-1,-1,1,-1,-1,1,-1,1,1,1,-1,1,-1,-1,1,-1,-1,1,-1,1,1,1,-1
1,-1,-1,-1,1,-1,-1,1,-1,1,1,1,1,-1,-1,-1,1,-1,-1,1,-1,1,1,1,-1,1,1,1,-1,1,1,-1,1,-1,-1,-1,-1,1,1,1,-1,1,1,-1,1,-1,-1,-1,-1,1,1,1,-1,1,1,-1,1,-1,-1,-1,-1,1,1,1,-1,1,1,-1,1,-1,-1,-1,1,-1,-1,-1,1,-1,-1,1,-1,1,1,1,1,-1,-1,-1,1,-1,-1,1,-1,1,1,1,1,-1,-1,-1,1,-1,-1,1,-1,1,1,1,1,-1,-1,-1,1,-1,-1,1,-1,1,1,1,-1,1,1,1,-1,1,1,-1,1,-1,-1,-1,-1,1,1,1,-1,1,1,-1,1,-1,-1,-1,-1,1,1,1,-1,1,1,-1,1,-1,-1,-1,-1,1,1,1,-1,1,1,-1,1,-1,-1,-1,1,-1,-1,-1,1,-1,-1,1,-1,1,1,1,1,-1,-1,-1,1,-1,-1,1,-1,1,1,1
1,1,-1,-1,-1,1,-1,-1,1,-1,1,1,1,1,-1,-1,-1,1,-1,-1,1,-1,1,1,-1,-1,1,1,1,-1,1,1,-1,1,-1,-1,-1,-1,1,1,1,-1,1,1,-1,1,-1,-1,-1,-1,1,1,1,-1,1,1,-1,1,-1,-1,-1,-1,1,1,1,-1,1,1,-1,1,-1,-1,1,1,-1,-1,-1,1,-1,-1,1,-1,1,1,1,1,-1,-1,-1,1,-1,-1,1,-1,1,1,1,1,-1,-1,-1,1,-1,-1,1,-1,1,1,1,1,-1,-1,-1,1,-1,-1,1,-1,1,1,-1,-1,1,1,1,-1,1,1,-1,1,-1,-1,-1,-1,1,1,1,-1,1,1,-1,1,-1,-1,-1,-1,1,1,1,-1,1,1,-1,1,-1,-1,-1,-1,1,1,1,-1,1,1,-1,1,-1,-1,1,1,-1,-1,-1,1,-1,-1,1,-1,1,1,1,1,-1,-1,-1,1,-1,-1,1,-1,1,1
1,1,1,-1,-1,-1,1,-1,-1,1,-1,1,1,1,1,-1,-1,-1,1,-1,-1,1,-1,1,-1,-1,-1,1,1,1,-1,1,1,-1,1,-1,-1,-1,-1,1,1,1,-1,1,1,-1,1,-1,-1,-1,-1,1,1,1,-1,1,1,-1,1,-1,-1,-1,-1,1,1,1,-1,1,1,-1,1,-1,1,1,1,-1,-1,-1,1,-1,-1,1,-1,1,1,1,1,-1,-1,-1,1,-1,-1,1,-1,1,1,1,1,-1,-1,-1,1,-1,-1,1,-1,1,1,1,1,-1,-1,-1,1,-1,-1,1,-1,1,-1,-1,-1,1,1,1,-1,1,1,-1,1,-1,-1,-1,-1,1,1,1,-1,1,1,-1,1,-1,-1,-1,-1,1,1,1,-1,1,1,-1,1,-1,-1,-1,-1,1,1,1,-1,1,1,-1,1,-1,1,1,1,-1,-1,-1,1,-1,-1,1,-1,1,1,1,1,-1,-1,-1,1,-1,-1,1,-1,1
1,1,1,1,-1,-1,-1,1,-1,-1,1,-1,1,1,1,1,-1,-1,-1,1,-1,-1,1,-1,-1,-1,-1,-1,1,1,1,-1,1,1,-1,1,-1,-1,-1,-1,1,1,1,-1,1,1,-1,1,-1,-1,-1,-1,1,1,1,-1,1,1,-1,1,-1,-1,-1,-1,1,1,1,-1,1,1,-1,1,1,1,1,1,-1,-1,-1,1,-1,-1,1,-1,1,1,1,1,-1,-1,-1,1,-1,-1,1,-1,1,1,1,1,-1,-1,-1,1,-1,-1,1,-1,1,1,1,1,-1,-1,-1,1,-1,-1,1,-1,-1,-1,-1,-1,1,1,1,-1,1,1,-1,1,-1,-1,-1,-1,1,1,1,-1,1,1,-1,1,-1,-1,-1,-1,1,1,1,-1,1,1,-1,1,-1,-1,-1,-1,1,1,1,-1,1,1,-1,1,1,1,1,1,-1,-1,-1,1,-1,-1,1,-1,1,1,1,1,-1,-1,-1,1,-1,-1,1,-1
1,-1,1,1,1,-1,-1,-1,1,-1,-1,1,1,-1,1,1,1,-1,-1,-1,1,-1,-1,1,-1,1,-1,-1,-1,1,1,1,-1,1,1,-1,-1,1,-1,-1,-1,1,1,1,-1,1,1,-1,-1,1,-1,-1,-1,1,1,1,-1,1,1,-1,-1,1,-1,-1,-1,1,1,1,-1,1,1,-1,1,-1,1,1,1,-1,-1,-1,1,-1,-1,1,1,-1,1,1,1,-1,-1,-1,1,-1,-1,1,1,-1,1,1,1,-1,-1,-1,1,-1,-1,1,1,-1,1,1,1,-1,-1,-1,1,-1,-1,1,-1,1,-1,-1,-1,1,1,1,-1,1,1,-1,-1,1,-1,-1,-1,1,1,1,-1,1,1,-1,-1,1,-1,-1,-1,1,1,1,-1,1,1,-1,-1,1,-1,-1,-1,1,1,1,-1,1,1,-1,1,-1,1,1,1,-1,-1,-1,1,-1,-1,1,1,-1,1,1,1,-1,-1,-1,1,-1,-1,1
1,1,-1,1,1,1,-1,-1,-1,1,-1,-1,1,1,-1,1,1,1,-1,-1,-1,1,-1,-1,-1,-1,1,-1,-1,-1,1,1,1,-1,1,1,-1,-1,1,-1,-1,-1,1,1,1,-1,1,1,-1,-1,1,-1,-1,-1,1,1,1,-1,1,1,-1,-1,1,-1,-1,-1,1,1,1,-1,1,1,1,1,-1,1,1,1,-1,-1,-1,1,-1,-1,1,1,-1,1,1,1,-1,-1,-1,1,-1,-1,1,1,-1,1,1,1,-1,-1,-1,1,-1,-1,1,1,-1,1,1,1,-1,-1,-1,1,-1,-1,-1,-1,1,-1,-1,-1,1,1,1,-1,1,1,-1,-1,1,-1,-1,-1,1,1,1,-1,1,1,-1,-1,1,-1,-1,-1,1,1,1,-1,1,1,-1,-1,1,-1,-1,-1,1,1,1,-1,1,1,1,1,-1,1,1,1,-1,-1,-1,1,-1,-1,1,1,-1,1,1,1,-1,-1,-1,1,-1,-1
1,1,1,1,1,1,1,1,1,1,1,1,-1,-1,-1,-1,-1,-1,-1,-1,-1,-1,-1,-1,-1,-1,-1,-1,-1,-1,-1,-1,-1,-1,-1,-1,1,1,1,1,1,1,1,1,1,1,1,1,-1,-1,-1,-1,-1,-1,-1,-1,-1,-1,-1,-1,1,1,1,1,1,1,1,1,1,1,1,1,1,1,1,1,1,1,1,1,1,1,1,1,-1,-1,-1,-1,-1,-1,-1,-1,-1,-1,-1,-1,1,1,1,1,1,1,1,1,1,1,1,1,-1,-1,-1,-1,-1,-1,-1,-1,-1,-1,-1,-1,-1,-1,-1,-1,-1,-1,-1,-1,-1,-1,-1,-1,1,1,1,1,1,1,1,1,1,1,1,1,-1,-1,-1,-1,-1,-1,-1,-1,-1,-1,-1,-1,1,1,1,1,1,1,1,1,1,1,1,1,1,1,1,1,1,1,1,1,1,1,1,1,-1,-1,-1,-1,-1,-1,-1,-1,-1,-1,-1,-1
1,-1,1,-1,1,1,1,-1,-1,-1,1,-1,-1,1,-1,1,-1,-1,-1,1,1,1,-1,1,-1,1,-1,1,-1,-1,-1,1,1,1,-1,1,1,-1,1,-1,1,1,1,-1,-1,-1,1,-1,-1,1,-1,1,-1,-1,-1,1,1,1,-1,1,1,-1,1,-1,1,1,1,-1,-1,-1,1,-1,1,-1,1,-1,1,1,1,-1,-1,-1,1,-1,-1,1,-1,1,-1,-1,-1,1,1,1,-1,1,1,-1,1,-1,1,1,1,-1,-1,-1,1,-1,-1,1,-1,1,-1,-1,-1,1,1,1,-1,1,-1,1,-1,1,-1,-1,-1,1,1,1,-1,1,1,-1,1,-1,1,1,1,-1,-1,-1,1,-1,-1,1,-1,1,-1,-1,-1,1,1,1,-1,1,1,-1,1,-1,1,1,1,-1,-1,-1,1,-1,1,-1,1,-1,1,1,1,-1,-1,-1,1,-1,-1,1,-1,1,-1,-1,-1,1,1,1,-1,1
1,-1,-1,1,-1,1,1,1,-1,-1,-1,1,-1,1,1,-1,1,-1,-1,-1,1,1,1,-1,-1,1,1,-1,1,-1,-1,-1,1,1,1,-1,1,-1,-1,1,-1,1,1,1,-1,-1,-1,1,-1,1,1,-1,1,-1,-1,-1,1,1,1,-1,1,-1,-1,1,-1,1,1,1,-1,-1,-1,1,1,-1,-1,1,-1,1,1,1,-1,-1,-1,1,-1,1,1,-1,1,-1,-1,-1,1,1,1,-1,1,-1,-1,1,-1,1,1,1,-1,-1,-1,1,-1,1,1,-1,1,-1,-1,-1,1,1,1,-1,-1,1,1,-1,1,-1,-1,-1,1,1,1,-1,1,-1,-1,1,-1,1,1,1,-1,-1,-1,1,-1,1,1,-1,1,-1,-1,-1,1,1,1,-1,1,-1,-1,1,-1,1,1,1,-1,-1,-1,1,1,-1,-1,1,-1,1,1,1,-1,-1,-1,1,-1,1,1,-1,1,-1,-1,-1,1,1,1,-1
1,1,-1,-1,1,-1,1,1,1,-1,-1,-1,-1,-1,1,1,-1,1,-1,-1,-1,1,1,1,-1,-1,1,1,-1,1,-1,-1,-1,1,1,1,1,1,-1,-1,1,-1,1,1,1,-1,-1,-1,-1,-1,1,1,-1,1,-1,-1,-1,1,1,1,1,1,-1,-1,1,-1,1,1,1,-1,-1,-1,1,1,-1,-1,1,-1,1,1,1,-1,-1,-1,-1,-1,1,1,-1,1,-1,-1,-1,1,1,1,1,1,-1,-1,1,-1,1,1,1,-1,-1,-1,-1,-1,1,1,-1,1,-1,-1,-1,1,1,1,-1,-1,1,1,-1,1,-1,-1,-1,1,1,1,1,1,-1,-1,1,-1,1,1,1,-1,-1,-1,-1,-1,1,1,-1,1,-1,-1,-1,1,1,1,1,1,-1,-1,1,-1,1,1,1,-1,-1,-1,1,1,-1,-1,1,-1,1,1,1,-1,-1,-1,-1,-1,1,1,-1,1,-1,-1,-1,1,1,1
1,-1,1,-1,-1,1,-1,1,1,1,-1,-1,-1,1,-1,1,1,-1,1,-1,-1,-1,1,1,-1,1,-1,1,1,-1,1,-1,-1,-1,1,1,1,-1,1,-1,-1,1,-1,1,1,1,-1,-1,-1,1,-1,1,1,-1,1,-1,-1,-1,1,1,1,-1,1,-1,-1,1,-1,1,1,1,-1,-1,1,-1,1,-1,-1,1,-1,1,1,1,-1,-1,-1,1,-1,1,1,-1,1,-1,-1,-1,1,1,1,-1,1,-1,-1,1,-1,1,1,1,-1,-1,-1,1,-1,1,1,-1,1,-1,-1,-1,1,1,-1,1,-1,1,1,-1,1,-1,-1,-1,1,1,1,-1,1,-1,-1,1,-1,1,1,1,-1,-1,-1,1,-1,1,1,-1,1,-1,-1,-1,1,1,1,-1,1,-1,-1,1,-1,1,1,1,-1,-1,1,-1,1,-1,-1,1,-1,1,1,1,-1,-1,-1,1,-1,1,1,-1,1,-1,-1,-1,1,1
1,-1,-1,1,-1,-1,1,-1,1,1,1,-1,-1,1,1,-1,1,1,-1,1,-1,-1,-1,1,-1,1,1,-1,1,1,-1,1,-1,-1,-1,1,1,-1,-1,1,-1,-1,1,-1,1,1,1,-1,-1,1,1,-1,1,1,-1,1,-1,-1,-1,1,1,-1,-1,1,-1,-1,1,-1,1,1,1,-1,1,-1,-1,1,-1,-1,1,-1,1,1,1,-1,-1,1,1,-1,1,1,-1,1,-1,-1,-1,1,1,-1,-1,1,-1,-1,1,-1,1,1,1,-1,-1,1,1,-1,1,1,-1,1,-1,-1,-1,1,-1,1,1,-1,1,1,-1,1,-1,-1,-1,1,1,-1,-1,1,-1,-1,1,-1,1,1,1,-1,-1,1,1,-1,1,1,-1,1,-1,-1,-1,1,1,-1,-1,1,-1,-1,1,-1,1,1,1,-1,1,-1,-1,1,-1,-1,1,-1,1,1,1,-1,-1,1,1,-1,1,1,-1,1,-1,-1,-1,1
1,-1,-1,-1,1,-1,-1,1,-1,1,1,1,-1,1,1,1,-1,1,1,-1,1,-1,-1,-1,-1,1,1,1,-1,1,1,-1,1,-1,-1,-1,1,-1,-1,-1,1,-1,-1,1,-1,1,1,1,-1,1,1,1,-1,1,1,-1,1,-1,-1,-1,1,-1,-1,-1,1,-1,-1,1,-1,1,1,1,1,-1,-1,-1,1,-1,-1,1,-1,1,1,1,-1,1,1,1,-1,1,1,-1,1,-1,-1,-1,1,-1,-1,-1,1,-1,-1,1,-1,1,1,1,-1,1,1,1,-1,1,1,-1,1,-1,-1,-1,-1,1,1,1,-1,1,1,-1,1,-1,-1,-1,1,-1,-1,-1,1,-1,-1,1,-1,1,1,1,-1,1,1,1,-1,1,1,-1,1,-1,-1,-1,1,-1,-1,-1,1,-1,-1,1,-1,1,1,1,1,-1,-1,-1,1,-1,-1,1,-1,1,1,1,-1,1,1,1,-1,1,1,-1,1,-1,-1,-1
1,1,-1,-1,-1,1,-1,-1,1,-1,1,1,-1,-1,1,1,1,-1,1,1,-1,1,-1,-1,-1,-1,1,1,1,-1,1,1,-1,1,-1,-1,1,1,-1,-1,-1,1,-1,-1,1,-1,1,1,-1,-1,1,1,1,-1,1,1,-1,1,-1,-1,1,1,-1,-1,-1,1,-1,-1,1,-1,1,1,1,1,-1,-1,-1,1,-1,-1,1,-1,1,1,-1,-1,1,1,1,-1,1,1,-1,1,-1,-1,1,1,-1,-1,-1,1,-1,-1,1,-1,1,1,-1,-1,1,1,1,-1,1,1,-1,1,-1,-1,-1,-1,1,1,1,-1,1,1,-1,1,-1,-1,1,1,-1,-1,-1,1,-1,-1,1,-1,1,1,-1,-1,1,1,1,-1,1,1,-1,1,-1,-1,1,1,-1,-1,-1,1,-1,-1,1,-1,1,1,1,1,-1,-1,-1,1,-1,-1,1,-1,1,1,-1,-1,1,1,1,-1,1,1,-1,1,-1,-1
1,1,1,-1,-1,-1,1,-1,-1,1,-1,1,-1,-1,-1,1,1,1,-1,1,1,-1,1,-1,-1,-1,-1,1,1,1,-1,1,1,-1,1,-1,1,1,1,-1,-1,-1,1,-1,-1,1,-1,1,-1,-1,-1,1,1,1,-1,1,1,-1,1,-1,1,1,1,-1,-1,-1,1,-1,-1,1,-1,1,1,1,1,-1,-1,-1,1,-1,-1,1,-1,1,-1,-1,-1,1,1,1,-1,1,1,-1,1,-1,1,1,1,-1,-1,-1,1,-1,-1,1,-1,1,-1,-1,-1,1,1,1,-1,1,1,-1,1,-1,-1,-1,-1,1,1,1,-1,1,1,-1,1,-1,1,1,1,-1,-1,-1,1,-1,-1,1,-1,1,-1,-1,-1,1,1,1,-1,1,1,-1,1,-1,1,1,1,-1,-1,-1,1,-1,-1,1,-1,1,1,1,1,-1,-1,-1,1,-1,-1,1,-1,1,-1,-1,-1,1,1,1,-1,1,1,-1,1,-1
1,1,1,1,-1,-1,-1,1,-1,-1,1,-1,-1,-1,-1,-1,1,1,1,-1,1,1,-1,1,-1,-1,-1,-1,1,1,1,-1,1,1,-1,1,1,1,1,1,-1,-1,-1,1,-1,-1,1,-1,-1,-1,-1,-1,1,1,1,-1,1,1,-1,1,1,1,1,1,-1,-1,-1,1,-1,-1,1,-1,1,1,1,1,-1,-1,-1,1,-1,-1,1,-1,-1,-1,-1,-1,1,1,1,-1,1,1,-1,1,1,1,1,1,-1,-1,-1,1,-1,-1,1,-1,-1,-1,-1,-1,1,1,1,-1,1,1,-1,1,-1,-1,-1,-1,1,1,1,-1,1,1,-1,1,1,1,1,1,-1,-1,-1,1,-1,-1,1,-1,-1,-1,-1,-1,1,1,1,-1,1,1,-1,1,1,1,1,1,-1,-1,-1,1,-1,-1,1,-1,1,1,1,1,-1,-1,-1,1,-1,-1,1,-1,-1,-1,-1,-1,1,1,1,-1,1,1,-1,1
1,-1,1,1,1,-1,-1,-1,1,-1,-1,1,-1,1,-1,-1,-1,1,1,1,-1,1,1,-1,-1,1,-1,-1,-1,1,1,1,-1,1,1,-1,1,-1,1,1,1,-1,-1,-1,1,-1,-1,1,-1,1,-1,-1,-1,1,1,1,-1,1,1,-1,1,-1,1,1,1,-1,-1,-1,1,-1,-1,1,1,-1,1,1,1,-1,-1,-1,1,-1,-1,1,-1,1,-1,-1,-1,1,1,1,-1,1,1,-1,1,-1,1,1,1,-1,-1,-1,1,-1,-1,1,-1,1,-1,-1,-1,1,1,1,-1,1,1,-1,-1,1,-1,-1,-1,1,1,1,-1,1,1,-1,1,-1,1,1,1,-1,-1,-1,1,-1,-1,1,-1,1,-1,-1,-1,1,1,1,-1,1,1,-1,1,-1,1,1,1,-1,-1,-1,1,-1,-1,1,1,-1,1,1,1,-1,-1,-1,1,-1,-1,1,-1,1,-1,-1,-1,1,1,1,-1,1,1,-1
1,1,-1,1,1,1,-1,-1,-1,1,-1,-1,-1,-1,1,-1,-1,-1,1,1,1,-1,1,1,-1,-1,1,-1,-1,-1,1,1,1,-1,1,1,1,1,-1,1,1,1,-1,-1,-1,1,-1,-1,-1,-1,1,-1,-1,-1,1,1,1,-1,1,1,1,1,-1,1,1,1,-1,-1,-1,1,-1,-1,1,1,-1,1,1,1,-1,-1,-1,1,-1,-1,-1,-1,1,-1,-1,-1,1,1,1,-1,1,1,1,1,-1,1,1,1,-1,-1,-1,1,-1,-1,-1,-1,1,-1,-1,-1,1,1,1,-1,1,1,-1,-1,1,-1,-1,-1,1,1,1,-1,1,1,1,1,-1,1,1,1,-1,-1,-1,1,-1,-1,-1,-1,1,-1,-1,-1,1,1,1,-1,1,1,1,1,-1,1,1,1,-1,-1,-1,1,-1,-1,1,1,-1,1,1,1,-1,-1,-1,1,-1,-1,-1,-1,1,-1,-1,-1,1,1,1,-1,1,1
1,1,1,1,1,1,1,1,1,1,1,1,1,1,1,1,1,1,1,1,1,1,1,1,1,1,1,1,1,1,1,1,1,1,1,1,1,1,1,1,1,1,1,1,1,1,1,1,1,1,1,1,1,1,1,1,1,1,1,1,1,1,1,1,1,1,1,1,1,1,1,1,1,1,1,1,1,1,1,1,1,1,1,1,1,1,1,1,1,1,1,1,1,1,1,1,-1,-1,-1,-1,-1,-1,-1,-1,-1,-1,-1,-1,-1,-1,-1,-1,-1,-1,-1,-1,-1,-1,-1,-1,-1,-1,-1,-1,-1,-1,-1,-1,-1,-1,-1,-1,-1,-1,-1,-1,-1,-1,-1,-1,-1,-1,-1,-1,-1,-1,-1,-1,-1,-1,-1,-1,-1,-1,-1,-1,-1,-1,-1,-1,-1,-1,-1,-1,-1,-1,-1,-1,-1,-1,-1,-1,-1,-1,-1,-1,-1,-1,-1,-1,-1,-1,-1,-1,-1,-1,-1,-1,-1,-1,-1,-1
1,-1,1,-1,1,1,1,-1,-1,-1,1,-1,1,-1,1,-1,1,1,1,-1,-1,-1,1,-1,1,-1,1,-1,1,1,1,-1,-1,-1,1,-1,1,-1,1,-1,1,1,1,-1,-1,-1,1,-1,1,-1,1,-1,1,1,1,-1,-1,-1,1,-1,1,-1,1,-1,1,1,1,-1,-1,-1,1,-1,1,-1,1,-1,1,1,1,-1,-1,-1,1,-1,1,-1,1,-1,1,1,1,-1,-1,-1,1,-1,-1,1,-1,1,-1,-1,-1,1,1,1,-1,1,-1,1,-1,1,-1,-1,-1,1,1,1,-1,1,-1,1,-1,1,-1,-1,-1,1,1,1,-1,1,-1,1,-1,1,-1,-1,-1,1,1,1,-1,1,-1,1,-1,1,-1,-1,-1,1,1,1,-1,1,-1,1,-1,1,-1,-1,-1,1,1,1,-1,1,-1,1,-1,1,-1,-1,-1,1,1,1,-1,1,-1,1,-1,1,-1,-1,-1,1,1,1,-1,1
1,-1,-1,1,-1,1,1,1,-1,-1,-1,1,1,-1,-1,1,-1,1,1,1,-1,-1,-1,1,1,-1,-1,1,-1,1,1,1,-1,-1,-1,1,1,-1,-1,1,-1,1,1,1,-1,-1,-1,1,1,-1,-1,1,-1,1,1,1,-1,-1,-1,1,1,-1,-1,1,-1,1,1,1,-1,-1,-1,1,1,-1,-1,1,-1,1,1,1,-1,-1,-1,1,1,-1,-1,1,-1,1,1,1,-1,-1,-1,1,-1,1,1,-1,1,-1,-1,-1,1,1,1,-1,-1,1,1,-1,1,-1,-1,-1,1,1,1,-1,-1,1,1,-1,1,-1,-1,-1,1,1,1,-1,-1,1,1,-1,1,-1,-1,-1,1,1,1,-1,-1,1,1,-1,1,-1,-1,-1,1,1,1,-1,-1,1,1,-1,1,-1,-1,-1,1,1,1,-1,-1,1,1,-1,1,-1,-1,-1,1,1,1,-1,-1,1,1,-1,1,-1,-1,-1,1,1,1,-1
1,1,-1,-1,1,-1,1,1,1,-1,-1,-1,1,1,-1,-1,1,-1,1,1,1,-1,-1,-1,1,1,-1,-1,1,-1,1,1,1,-1,-1,-1,1,1,-1,-1,1,-1,1,1,1,-1,-1,-1,1,1,-1,-1,1,-1,1,1,1,-1,-1,-1,1,1,-1,-1,1,-1,1,1,1,-1,-1,-1,1,1,-1,-1,1,-1,1,1,1,-1,-1,-1,1,1,-1,-1,1,-1,1,1,1,-1,-1,-1,-1,-1,1,1,-1,1,-1,-1,-1,1,1,1,-1,-1,1,1,-1,1,-1,-1,-1,1,1,1,-1,-1,1,1,-1,1,-1,-1,-1,1,1,1,-1,-1,1,1,-1,1,-1,-1,-1,1,1,1,-1,-1,1,1,-1,1,-1,-1,-1,1,1,1,-1,-1,1,1,-1,1,-1,-1,-1,1,1,1,-1,-1,1,1,-1,1,-1,-1,-1,1,1,1,-1,-1,1,1,-1,1,-1,-1,-1,1,1,1
1,-1,1,-1,-1,1,-1,1,1,1,-1,-1,1,-1,1,-1,-1,1,-1,1,1,1,-1,-1,1,-1,1,-1,-1,1,-1,1,1,1,-1,-1,1,-1,1,-1,-1,1,-1,1,1,1,-1,-1,1,-1,1,-1,-1,1,-1,1,1,1,-1,-1,1,-1,1,-1,-1,1,-1,1,1,1,-1,-1,1,-1,1,-1,-1,1,-1,1,1,1,-1,-1,1,-1,1,-1,-1,1,-1,1,1,1,-1,-1,-1,1,-1,1,1,-1,1,-1,-1,-1,1,1,-1,1,-1,1,1,-1,1,-1,-1,-1,1,1,-1,1,-1,1,1,-1,1,-1,-1,-1,1,1,-1,1,-1,1,1,-1,1,-1,-1,-1,1,1,-1,1,-1,1,1,-1,1,-1,-1,-1,1,1,-1,1,-1,1,1,-1,1,-1,-1,-1,1,1,-1,1,-1,1,1,-1,1,-1,-1,-1,1,1,-1,1,-1,1,1,-1,1,-1,-1,-1,1,1
1,-1,-1,1,-1,-1,1,-1,1,1,1,-1,1,-1,-1,1,-1,-1,1,-1,1,1,1,-1,1,-1,-1,1,-1,-1,1,-1,1,1,1,-1,1,-1,-1,1,-1,-1,1,-1,1,1,1,-1,1,-1,-1,1,-1,-1,1,-1,1,1,1,-1,1,-1,-1,1,-1,-1,1,-1,1,1,1,-1,1,-1,-1,1,-1,-1,1,-1,1,1,1,-1,1,-1,-1,1,-1,-1,1,-1,1,1,1,-1,-1,1,1,-1,1,1,-1,1,-1,-1,-1,1,-1,1,1,-1,1,1,-1,1,-1,-1,-1,1,-1,1,1,-1,1,1,-1,1,-1,-1,-1,1,-1,1,1,-1,1,1,-1,1,-1,-1,-1,1,-1,1,1,-1,1,1,-1,1,-1,-1,-1,1,-1,1,1,-1,1,1,-1,1,-1,-1,-1,1,-1,1,1,-1,1,1,-1,1,-1,-1,-1,1,-1,1,1,-1,1,1,-1,1,-1,-1,-1,1
1,-1,-1,-1,1,-1,-1,1,-1,1,1,1,1,-1,-1,-1,1,-1,-1,1,-1,1,1,1,1,-1,-1,-1,1,-1,-1,1,-1,1,1,1,1,-1,-1,-1,1,-1,-1,1,-1,1,1,1,1,-1,-1,-1,1,-1,-1,1,-1,1,1,1,1,-1,-1,-1,1,-1,-1,1,-1,1,1,1,1,-1,-1,-1,1,-1,-1,1,-1,1,1,1,1,-1,-1,-1,1,-1,-1,1,-1,1,1,1,-1,1,1,1,-1,1,1,-1,1,-1,-1,-1,-1,1,1,1,-1,1,1,-1,1,-1,-1,-1,-1,1,1,1,-1,1,1,-1,1,-1,-1,-1,-1,1,1,1,-1,1,1,-1,1,-1,-1,-1,-1,1,1,1,-1,1,1,-1,1,-1,-1,-1,-1,1,1,1,-1,1,1,-1,1,-1,-1,-1,-1,1,1,1,-1,1,1,-1,1,-1,-1,-1,-1,1,1,1,-1,1,1,-1,1,-1,-1,-1
1,1,-1,-1,-1,1,-1,-1,1,-1,1,1,1,1,-1,-1,-1,1,-1,-1,1,-1,1,1,1,1,-1,-1,-1,1,-1,-1,1,-1,1,1,1,1,-1,-1,-1,1,-1,-1,1,-1,1,1,1,1,-1,-1,-1,1,-1,-1,1,-1,1,1,1,1,-1,-1,-1,1,-1,-1,1,-1,1,1,1,1,-1,-1,-1,1,-1,-1,1,-1,1,1,1,1,-1,-1,-1,1,-1,-1,1,-1,1,1,-1,-1,1,1,1,-1,1,1,-1,1,-1,-1,-1,-1,1,1,1,-1,1,1,-1,1,-1,-1,-1,-1,1,1,1,-1,1,1,-1,1,-1,-1,-1,-1,1,1,1,-1,1,1,-1,1,-1,-1,-1,-1,1,1,1,-1,1,1,-1,1,-1,-1,-1,-1,1,1,1,-1,1,1,-1,1,-1,-1,-1,-1,1,1,1,-1,1,1,-1,1,-1,-1,-1,-1,1,1,1,-1,1,1,-1,1,-1,-1
1,1,1,-1,-1,-1,1,-1,-1,1,-1,1,1,1,1,-1,-1,-1,1,-1,-1,1,-1,1,1,1,1,-1,-1,-1,1,-1,-1,1,-1,1,1,1,1,-1,-1,-1,1,-1,-1,1,-1,1,1,1,1,-1,-1,-1,1,-1,-1,1,-1,1,1,1,1,-1,-1,-1,1,-1,-1,1,-1,1,1,1,1,-1,-1,-1,1,-1,-1,1,-1,1,1,1,1,-1,-1,-1,1,-1,-1,1,-1,1,-1,-1,-1,1,1,1,-1,1,1,-1,1,-1,-1,-1,-1,1,1,1,-1,1,1,-1,1,-1,-1,-1,-1,1,1,1,-1,1,1,-1,1,-1,-1,-1,-1,1,1,1,-1,1,1,-1,1,-1,-1,-1,-1,1,1,1,-1,1,1,-1,1,-1,-1,-1,-1,1,1,1,-1,1,1,-1,1,-1,-1,-1,-1,1,1,1,-1,1,1,-1,1,-1,-1,-1,-1,1,1,1,-1,1,1,-1,1,-1
1,1,1,1,-1,-1,-1,1,-1,-1,1,-1,1,1,1,1,-1,-1,-1,1,-1,-1,1,-1,1,1,1,1,-1,-1,-1,1,-1,-1,1,-1,1,1,1,1,-1,-1,-1,1,-1,-1,1,-1,1,1,1,1,-1,-1,-1,1,-1,-1,1,-1,1,1,1,1,-1,-1,-1,1,-1,-1,1,-1,1,1,1,1,-1,-1,-1,1,-1,-1,1,-1,1,1,1,1,-1,-1,-1,1,-1,-1,1,-1,-1,-1,-1,-1,1,1,1,-1,1,1,-1,1,-1,-1,-1,-1,1,1,1,-1,1,1,-1,1,-1,-1,-1,-1,1,1,1,-1,1,1,-1,1,-1,-1,-1,-1,1,1,1,-1,1,1,-1,1,-1,-1,-1,-1,1,1,1,-1,1,1,-1,1,-1,-1,-1,-1,1,1,1,-1,1,1,-1,1,-1,-1,-1,-1,1,1,1,-1,1,1,-1,1,-1,-1,-1,-1,1,1,1,-1,1,1,-1,1
1,-1,1,1,1,-1,-1,-1,1,-1,-1,1,1,-1,1,1,1,-1,-1,-1,1,-1,-1,1,1,-1,1,1,1,-1,-1,-1,1,-1,-1,1,1,-1,1,1,1,-1,-1,-1,1,-1,-1,1,1,-1,1,1,1,-1,-1,-1,1,-1,-1,1,1,-1,1,1,1,-1,-1,-1,1,-1,-1,1,1,-1,1,1,1,-1,-1,-1,1,-1,-1,1,1,-1,1,1,1,-1,-1,-1,1,-1,-1,1,-1,1,-1,-1,-1,1,1,1,-1,1,1,-1,-1,1,-1,-1,-1,1,1,1,-1,1,1,-1,-1,1,-1,-1,-1,1,1,1,-1,1,1,-1,-1,1,-1,-1,-1,1,1,1,-1,1,1,-1,-1,1,-1,-1,-1,1,1,1,-1,1,1,-1,-1,1,-1,-1,-1,1,1,1,-1,1,1,-1,-1,1,-1,-1,-1,1,1,1,-1,1,1,-1,-1,1,-1,-1,-1,1,1,1,-1,1,1,-1
1,1,-1,1,1,1,-1,-1,-1,1,-1,-1,1,1,-1,1,1,1,-1,-1,-1,1,-1,-1,1,1,-1,1,1,1,-1,-1,-1,1,-1,-1,1,1,-1,1,1,1,-1,-1,-1,1,-1,-1,1,1,-1,1,1,1,-1,-1,-1,1,-1,-1,1,1,-1,1,1,1,-1,-1,-1,1,-1,-1,1,1,-1,1,1,1,-1,-1,-1,1,-1,-1,1,1,-1,1,1,1,-1,-1,-1,1,-1,-1,-1,-1,1,-1,-1,-1,1,1,1,-1,1,1,-1,-1,1,-1,-1,-1,1,1,1,-1,1,1,-1,-1,1,-1,-1,-1,1,1,1,-1,1,1,-1,-1,1,-1,-1,-1,1,1,1,-1,1,1,-1,-1,1,-1,-1,-1,1,1,1,-1,1,1,-1,-1,1,-1,-1,-1,1,1,1,-1,1,1,-1,-1,1,-1,-1,-1,1,1,1,-1,1,1,-1,-1,1,-1,-1,-1,1,1,1,-1,1,1
1,1,1,1,1,1,1,1,1,1,1,1,-1,-1,-1,-1,-1,-1,-1,-1,-1,-1,-1,-1,1,1,1,1,1,1,1,1,1,1,1,1,-1,-1,-1,-1,-1,-1,-1,-1,-1,-1,-1,-1,1,1,1,1,1,1,1,1,1,1,1,1,-1,-1,-1,-1,-1,-1,-1,-1,-1,-1,-1,-1,1,1,1,1,1,1,1,1,1,1,1,1,-1,-1,-1,-1,-1,-1,-1,-1,-1,-1,-1,-1,-1,-1,-1,-1,-1,-1,-1,-1,-1,-1,-1,-1,1,1,1,1,1,1,1,1,1,1,1,1,-1,-1,-1,-1,-1,-1,-1,-1,-1,-1,-1,-1,1,1,1,1,1,1,1,1,1,1,1,1,-1,-1,-1,-1,-1,-1,-1,-1,-1,-1,-1,-1,1,1,1,1,1,1,1,1,1,1,1,1,-1,-1,-1,-1,-1,-1,-1,-1,-1,-1,-1,-1,1,1,1,1,1,1,1,1,1,1,1,1
1,-1,1,-1,1,1,1,-1,-1,-1,1,-1,-1,1,-1,1,-1,-1,-1,1,1,1,-1,1,1,-1,1,-1,1,1,1,-1,-1,-1,1,-1,-1,1,-1,1,-1,-1,-1,1,1,1,-1,1,1,-1,1,-1,1,1,1,-1,-1,-1,1,-1,-1,1,-1,1,-1,-1,-1,1,1,1,-1,1,1,-1,1,-1,1,1,1,-1,-1,-1,1,-1,-1,1,-1,1,-1,-1,-1,1,1,1,-1,1,-1,1,-1,1,-1,-1,-1,1,1,1,-1,1,1,-1,1,-1,1,1,1,-1,-1,-1,1,-1,-1,1,-1,1,-1,-1,-1,1,1,1,-1,1,1,-1,1,-1,1,1,1,-1,-1,-1,1,-1,-1,1,-1,1,-1,-1,-1,1,1,1,-1,1,1,-1,1,-1,1,1,1,-1,-1,-1,1,-1,-1,1,-1,1,-1,-1,-1,1,1,1,-1,1,1,-1,1,-1,1,1,1,-1,-1,-1,1,-1
1,-1,-1,1,-1,1,1,1,-1,-1,-1,1,-1,1,1,-1,1,-1,-1,-1,1,1,1,-1,1,-1,-1,1,-1,1,1,1,-1,-1,-1,1,-1,1,1,-1,1,-1,-1,-1,1,1,1,-1,1,-1,-1,1,-1,1,1,1,-1,-1,-1,1,-1,1,1,-1,1,-1,-1,-1,1,1,1,-1,1,-1,-1,1,-1,1,1,1,-1,-1,-1,1,-1,1,1,-1,1,-1,-1,-1,1,1,1,-1,-1,1,1,-1,1,-1,-1,-1,1,1,1,-1,1,-1,-1,1,-1,1,1,1,-1,-1,-1,1,-1,1,1,-1,1,-1,-1,-1,1,1,1,-1,1,-1,-1,1,-1,1,1,1,-1,-1,-1,1,-1,1,1,-1,1,-1,-1,-1,1,1,1,-1,1,-1,-1,1,-1,1,1,1,-1,-1,-1,1,-1,1,1,-1,1,-1,-1,-1,1,1,1,-1,1,-1,-1,1,-1,1,1,1,-1,-1,-1,1
1,1,-1,-1,1,-1,1,1,1,-1,-1,-1,-1,-1,1,1,-1,1,-1,-1,-1,1,1,1,1,1,-1,-1,1,-1,1,1,1,-1,-1,-1,-1,-1,1,1,-1,1,-1,-1,-1,1,1,1,1,1,-1,-1,1,-1,1,1,1,-1,-1,-1,-1,-1,1,1,-1,1,-1,-1,-1,1,1,1,1,1,-1,-1,1,-1,1,1,1,-1,-1,-1,-1,-1,1,1,-1,1,-1,-1,-1,1,1,1,-1,-1,1,1,-1,1,-1,-1,-1,1,1,1,1,1,-1,-1,1,-1,1,1,1,-1,-1,-1,-1,-1,1,1,-1,1,-1,-1,-1,1,1,1,1,1,-1,-1,1,-1,1,1,1,-1,-1,-1,-1,-1,1,1,-1,1,-1,-1,-1,1,1,1,1,1,-1,-1,1,-1,1,1,1,-1,-1,-1,-1,-1,1,1,-1,1,-1,-1,-1,1,1,1,1,1,-1,-1,1,-1,1,1,1,-1,-1,-1
1,-1,1,-1,-1,1,-1,1,1,1,-1,-1,-1,1,-1,1,1,-1,1,-1,-1,-1,1,1,1,-1,1,-1,-1,1,-1,1,1,1,-1,-1,-1,1,-1,1,1,-1,1,-1,-1,-1,1,1,1,-1,1,-1,-1,1,-1,1,1,1,-1,-1,-1,1,-1,1,1,-1,1,-1,-1,-1,1,1,1,-1,1,-1,-1,1,-1,1,1,1,-1,-1,-1,1,-1,1,1,-1,1,-1,-1,-1,1,1,-1,1,-1,1,1,-1,1,-1,-1,-1,1,1,1,-1,1,-1,-1,1,-1,1,1,1,-1,-1,-1,1,-1,1,1,-1,1,-1,-1,-1,1,1,1,-1,1,-1,-1,1,-1,1,1,1,-1,-1,-1,1,-1,1,1,-1,1,-1,-1,-1,1,1,1,-1,1,-1,-1,1,-1,1,1,1,-1,-1,-1,1,-1,1,1,-1,1,-1,-1,-1,1,1,1,-1,1,-1,-1,1,-1,1,1,1,-1,-1
1,-1,-1,1,-1,-1,1,-1,1,1,1,-1,-1,1,1,-1,1,1,-1,1,-1,-1,-1,1,1,-1,-1,1,-1,-1,1,-1,1,1,1,-1,-1,1,1,-1,1,1,-1,1,-1,-1,-1,1,1,-1,-1,1,-1,-1,1,-1,1,1,1,-1,-1,1,1,-1,1,1,-1,1,-1,-1,-1,1,1,-1,-1,1,-1,-1,1,-1,1,1,1,-1,-1,1,1,-1,1,1,-1,1,-1,-1,-1,1,-1,1,1,-1,1,1,-1,1,-1,-1,-1,1,1,-1,-1,1,-1,-1,1,-1,1,1,1,-1,-1,1,1,-1,1,1,-1,1,-1,-1,-1,1,1,-1,-1,1,-1,-1,1,-1,1,1,1,-1,-1,1,1,-1,1,1,-1,1,-1,-1,-1,1,1,-1,-1,1,-1,-1,1,-1,1,1,1,-1,-1,1,1,-1,1,1,-1,1,-1,-1,-1,1,1,-1,-1,1,-1,-1,1,-1,1,1,1,-1
1,-1,-1,-1,1,-1,-1,1,-1,1,1,1,-1,1,1,1,-1,1,1,-1,1,-1,-1,-1,1,-1,-1,-1,1,-1,-1,1,-1,1,1,1,-1,1,1,1,-1,1,1,-1,1,-1,-1,-1,1,-1,-1,-1,1,-1,-1,1,-1,1,1,1,-1,1,1,1,-1,1,1,-1,1,-1,-1,-1,1,-1,-1,-1,1,-1,-1,1,-1,1,1,1,-1,1,1,1,-1,1,1,-1,1,-1,-1,-1,-1,1,1,1,-1,1,1,-1,1,-1,-1,-1,1,-1,-1,-1,1,-1,-1,1,-1,1,1,1,-1,1,1,1,-1,1,1,-1,1,-1,-1,-1,1,-1,-1,-1,1,-1,-1,1,-1,1,1,1,-1,1,1,1,-1,1,1,-1,1,-1,-1,-1,1,-1,-1,-1,1,-1,-1,1,-1,1,1,1,-1,1,1,1,-1,1,1,-1,1,-1,-1,-1,1,-1,-1,-1,1,-1,-1,1,-1,1,1,1
1,1,-1,-1,-1,1,-1,-1,1,-1,1,1,-1,-1,1,1,1,-1,1,1,-1,1,-1,-1,1,1,-1,-1,-1,1,-1,-1,1,-1,1,1,-1,-1,1,1,1,-1,1,1,-1,1,-1,-1,1,1,-1,-1,-1,1,-1,-1,1,-1,1,1,-1,-1,1,1,1,-1,1,1,-1,1,-1,-1,1,1,-1,-1,-1,1,-1,-1,1,-1,1,1,-1,-1,1,1,1,-1,1,1,-1,1,-1,-1,-1,-1,1,1,1,-1,1,1,-1,1,-1,-1,1,1,-1,-1,-1,1,-1,-1,1,-1,1,1,-1,-1,1,1,1,-1,1,1,-1,1,-1,-1,1,1,-1,-1,-1,1,-1,-1,1,-1,1,1,-1,-1,1,1,1,-1,1,1,-1,1,-1,-1,1,1,-1,-1,-1,1,-1,-1,1,-1,1,1,-1,-1,1,1,1,-1,1,1,-1,1,-1,-1,1,1,-1,-1,-1,1,-1,-1,1,-1,1,1
1,1,1,-1,-1,-1,1,-1,-1,1,-1,1,-1,-1,-1,1,1,1,-1,1,1,-1,1,-1,1,1,1,-1,-1,-1,1,-1,-1,1,-1,1,-1,-1,-1,1,1,1,-1,1,1,-1,1,-1,1,1,1,-1,-1,-1,1,-1,-1,1,-1,1,-1,-1,-1,1,1,1,-1,1,1,-1,1,-1,1,1,1,-1,-1,-1,1,-1,-1,1,-1,1,-1,-1,-1,1,1,1,-1,1,1,-1,1,-1,-1,-1,-1,1,1,1,-1,1,1,-1,1,-1,1,1,1,-1,-1,-1,1,-1,-1,1,-1,1,-1,-1,-1,1,1,1,-1,1,1,-1,1,-1,1,1,1,-1,-1,-1,1,-1,-1,1,-1,1,-1,-1,-1,1,1,1,-1,1,1,-1,1,-1,1,1,1,-1,-1,-1,1,-1,-1,1,-1,1,-1,-1,-1,1,1,1,-1,1,1,-1,1,-1,1,1,1,-1,-1,-1,1,-1,-1,1,-1,1
1,1,1,1,-1,-1,-1,1,-1,-1,1,-1,-1,-1,-1,-1,1,1,1,-1,1,1,-1,1,1,1,1,1,-1,-1,-1,1,-1,-1,1,-1,-1,-1,-1,-1,1,1,1,-1,1,1,-1,1,1,1,1,1,-1,-1,-1,1,-1,-1,1,-1,-1,-1,-1,-1,1,1,1,-1,1,1,-1,1,1,1,1,1,-1,-1,-1,1,-1,-1,1,-1,-1,-1,-1,-1,1,1,1,-1,1,1,-1,1,-1,-1,-1,-1,1,1,1,-1,1,1,-1,1,1,1,1,1,-1,-1,-1,1,-1,-1,1,-1,-1,-1,-1,-1,1,1,1,-1,1,1,-1,1,1,1,1,1,-1,-1,-1,1,-1,-1,1,-1,-1,-1,-1,-1,1,1,1,-1,1,1,-1,1,1,1,1,1,-1,-1,-1,1,-1,-1,1,-1,-1,-1,-1,-1,1,1,1,-1,1,1,-1,1,1,1,1,1,-1,-1,-1,1,-1,-1,1,-1
1,-1,1,1,1,-1,-1,-1,1,-1,-1,1,-1,1,-1,-1,-1,1,1,1,-1,1,1,-1,1,-1,1,1,1,-1,-1,-1,1,-1,-1,1,-1,1,-1,-1,-1,1,1,1,-1,1,1,-1,1,-1,1,1,1,-1,-1,-1,1,-1,-1,1,-1,1,-1,-1,-1,1,1,1,-1,1,1,-1,1,-1,1,1,1,-1,-1,-1,1,-1,-1,1,-1,1,-1,-1,-1,1,1,1,-1,1,1,-1,-1,1,-1,-1,-1,1,1,1,-1,1,1,-1,1,-1,1,1,1,-1,-1,-1,1,-1,-1,1,-1,1,-1,-1,-1,1,1,1,-1,1,1,-1,1,-1,1,1,1,-1,-1,-1,1,-1,-1,1,-1,1,-1,-1,-1,1,1,1,-1,1,1,-1,1,-1,1,1,1,-1,-1,-1,1,-1,-1,1,-1,1,-1,-1,-1,1,1,1,-1,1,1,-1,1,-1,1,1,1,-1,-1,-1,1,-1,-1,1
1,1,-1,1,1,1,-1,-1,-1,1,-1,-1,-1,-1,1,-1,-1,-1,1,1,1,-1,1,1,1,1,-1,1,1,1,-1,-1,-1,1,-1,-1,-1,-1,1,-1,-1,-1,1,1,1,-1,1,1,1,1,-1,1,1,1,-1,-1,-1,1,-1,-1,-1,-1,1,-1,-1,-1,1,1,1,-1,1,1,1,1,-1,1,1,1,-1,-1,-1,1,-1,-1,-1,-1,1,-1,-1,-1,1,1,1,-1,1,1,-1,-1,1,-1,-1,-1,1,1,1,-1,1,1,1,1,-1,1,1,1,-1,-1,-1,1,-1,-1,-1,-1,1,-1,-1,-1,1,1,1,-1,1,1,1,1,-1,1,1,1,-1,-1,-1,1,-1,-1,-1,-1,1,-1,-1,-1,1,1,1,-1,1,1,1,1,-1,1,1,1,-1,-1,-1,1,-1,-1,-1,-1,1,-1,-1,-1,1,1,1,-1,1,1,1,1,-1,1,1,1,-1,-1,-1,1,-1,-1
1,1,1,1,1,1,1,1,1,1,1,1,1,1,1,1,1,1,1,1,1,1,1,1,-1,-1,-1,-1,-1,-1,-1,-1,-1,-1,-1,-1,-1,-1,-1,-1,-1,-1,-1,-1,-1,-1,-1,-1,1,1,1,1,1,1,1,1,1,1,1,1,1,1,1,1,1,1,1,1,1,1,1,1,-1,-1,-1,-1,-1,-1,-1,-1,-1,-1,-1,-1,-1,-1,-1,-1,-1,-1,-1,-1,-1,-1,-1,-1,-1,-1,-1,-1,-1,-1,-1,-1,-1,-1,-1,-1,-1,-1,-1,-1,-1,-1,-1,-1,-1,-1,-1,-1,1,1,1,1,1,1,1,1,1,1,1,1,1,1,1,1,1,1,1,1,1,1,1,1,-1,-1,-1,-1,-1,-1,-1,-1,-1,-1,-1,-1,-1,-1,-1,-1,-1,-1,-1,-1,-1,-1,-1,-1,1,1,1,1,1,1,1,1,1,1,1,1,1,1,1,1,1,1,1,1,1,1,1,1
1,-1,1,-1,1,1,1,-1,-1,-1,1,-1,1,-1,1,-1,1,1,1,-1,-1,-1,1,-1,-1,1,-1,1,-1,-1,-1,1,1,1,-1,1,-1,1,-1,1,-1,-1,-1,1,1,1,-1,1,1,-1,1,-1,1,1,1,-1,-1,-1,1,-1,1,-1,1,-1,1,1,1,-1,-1,-1,1,-1,-1,1,-1,1,-1,-1,-1,1,1,1,-1,1,-1,1,-1,1,-1,-1,-1,1,1,1,-1,1,-1,1,-1,1,-1,-1,-1,1,1,1,-1,1,-1,1,-1,1,-1,-1,-1,1,1,1,-1,1,1,-1,1,-1,1,1,1,-1,-1,-1,1,-1,1,-1,1,-1,1,1,1,-1,-1,-1,1,-1,-1,1,-1,1,-1,-1,-1,1,1,1,-1,1,-1,1,-1,1,-1,-1,-1,1,1,1,-1,1,1,-1,1,-1,1,1,1,-1,-1,-1,1,-1,1,-1,1,-1,1,1,1,-1,-1,-1,1,-1
1,-1,-1,1,-1,1,1,1,-1,-1,-1,1,1,-1,-1,1,-1,1,1,1,-1,-1,-1,1,-1,1,1,-1,1,-1,-1,-1,1,1,1,-1,-1,1,1,-1,1,-1,-1,-1,1,1,1,-1,1,-1,-1,1,-1,1,1,1,-1,-1,-1,1,1,-1,-1,1,-1,1,1,1,-1,-1,-1,1,-1,1,1,-1,1,-1,-1,-1,1,1,1,-1,-1,1,1,-1,1,-1,-1,-1,1,1,1,-1,-1,1,1,-1,1,-1,-1,-1,1,1,1,-1,-1,1,1,-1,1,-1,-1,-1,1,1,1,-1,1,-1,-1,1,-1,1,1,1,-1,-1,-1,1,1,-1,-1,1,-1,1,1,1,-1,-1,-1,1,-1,1,1,-1,1,-1,-1,-1,1,1,1,-1,-1,1,1,-1,1,-1,-1,-1,1,1,1,-1,1,-1,-1,1,-1,1,1,1,-1,-1,-1,1,1,-1,-1,1,-1,1,1,1,-1,-1,-1,1
1,1,-1,-1,1,-1,1,1,1,-1,-1,-1,1,1,-1,-1,1,-1,1,1,1,-1,-1,-1,-1,-1,1,1,-1,1,-1,-1,-1,1,1,1,-1,-1,1,1,-1,1,-1,-1,-1,1,1,1,1,1,-1,-1,1,-1,1,1,1,-1,-1,-1,1,1,-1,-1,1,-1,1,1,1,-1,-1,-1,-1,-1,1,1,-1,1,-1,-1,-1,1,1,1,-1,-1,1,1,-1,1,-1,-1,-1,1,1,1,-1,-1,1,1,-1,1,-1,-1,-1,1,1,1,-1,-1,1,1,-1,1,-1,-1,-1,1,1,1,1,1,-1,-1,1,-1,1,1,1,-1,-1,-1,1,1,-1,-1,1,-1,1,1,1,-1,-1,-1,-1,-1,1,1,-1,1,-1,-1,-1,1,1,1,-1,-1,1,1,-1,1,-1,-1,-1,1,1,1,1,1,-1,-1,1,-1,1,1,1,-1,-1,-1,1,1,-1,-1,1,-1,1,1,1,-1,-1,-1
1,-1,1,-1,-1,1,-1,1,1,1,-1,-1,1,-1,1,-1,-1,1,-1,1,1,1,-1,-1,-1,1,-1,1,1,-1,1,-1,-1,-1,1,1,-1,1,-1,1,1,-1,1,-1,-1,-1,1,1,1,-1,1,-1,-1,1,-1,1,1,1,-1,-1,1,-1,1,-1,-1,1,-1,1,1,1,-1,-1,-1,1,-1,1,1,-1,1,-1,-1,-1,1,1,-1,1,-1,1,1,-1,1,-1,-1,-1,1,1,-1,1,-1,1,1,-1,1,-1,-1,-1,1,1,-1,1,-1,1,1,-1,1,-1,-1,-1,1,1,1,-1,1,-1,-1,1,-1,1,1,1,-1,-1,1,-1,1,-1,-1,1,-1,1,1,1,-1,-1,-1,1,-1,1,1,-1,1,-1,-1,-1,1,1,-1,1,-1,1,1,-1,1,-1,-1,-1,1,1,1,-1,1,-1,-1,1,-1,1,1,1,-1,-1,1,-1,1,-1,-1,1,-1,1,1,1,-1,-1
1,-1,-1,1,-1,-1,1,-1,1,1,1,-1,1,-1,-1,1,-1,-1,1,-1,1,1,1,-1,-1,1,1,-1,1,1,-1,1,-1,-1,-1,1,-1,1,1,-1,1,1,-1,1,-1,-1,-1,1,1,-1,-1,1,-1,-1,1,-1,1,1,1,-1,1,-1,-1,1,-1,-1,1,-1,1,1,1,-1,-1,1,1,-1,1,1,-1,1,-1,-1,-1,1,-1,1,1,-1,1,1,-1,1,-1,-1,-1,1,-1,1,1,-1,1,1,-1,1,-1,-1,-1,1,-1,1,1,-1,1,1,-1,1,-1,-1,-1,1,1,-1,-1,1,-1,-1,1,-1,1,1,1,-1,1,-1,-1,1,-1,-1,1,-1,1,1,1,-1,-1,1,1,-1,1,1,-1,1,-1,-1,-1,1,-1,1,1,-1,1,1,-1,1,-1,-1,-1,1,1,-1,-1,1,-1,-1,1,-1,1,1,1,-1,1,-1,-1,1,-1,-1,1,-1,1,1,1,-1
1,-1,-1,-1,1,-1,-1,1,-1,1,1,1,1,-1,-1,-1,1,-1,-1,1,-1,1,1,1,-1,1,1,1,-1,1,1,-1,1,-1,-1,-1,-1,1,1,1,-1,1,1,-1,1,-1,-1,-1,1,-1,-1,-1,1,-1,-1,1,-1,1,1,1,1,-1,-1,-1,1,-1,-1,1,-1,1,1,1,-1,1,1,1,-1,1,1,-1,1,-1,-1,-1,-1,1,1,1,-1,1,1,-1,1,-1,-1,-1,-1,1,1,1,-1,1,1,-1,1,-1,-1,-1,-1,1,1,1,-1,1,1,-1,1,-1,-1,-1,1,-1,-1,-1,1,-1,-1,1,-1,1,1,1,1,-1,-1,-1,1,-1,-1,1,-1,1,1,1,-1,1,1,1,-1,1,1,-1,1,-1,-1,-1,-1,1,1,1,-1,1,1,-1,1,-1,-1,-1,1,-1,-1,-1,1,-1,-1,1,-1,1,1,1,1,-1,-1,-1,1,-1,-1,1,-1,1,1,1
1,1,-1,-1,-1,1,-1,-1,1,-1,1,1,1,1,-1,-1,-1,1,-1,-1,1,-1,1,1,-1,-1,1,1,1,-1,1,1,-1,1,-1,-1,-1,-1,1,1,1,-1,1,1,-1,1,-1,-1,1,1,-1,-1,-1,1,-1,-1,1,-1,1,1,1,1,-1,-1,-1,1,-1,-1,1,-1,1,1,-1,-1,1,1,1,-1,1,1,-1,1,-1,-1,-1,-1,1,1,1,-1,1,1,-1,1,-1,-1,-1,-1,1,1,1,-1,1,1,-1,1,-1,-1,-1,-1,1,1,1,-1,1,1,-1,1,-1,-1,1,1,-1,-1,-1,1,-1,-1,1,-1,1,1,1,1,-1,-1,-1,1,-1,-1,1,-1,1,1,-1,-1,1,1,1,-1,1,1,-1,1,-1,-1,-1,-1,1,1,1,-1,1,1,-1,1,-1,-1,1,1,-1,-1,-1,1,-1,-1,1,-1,1,1,1,1,-1,-1,-1,1,-1,-1,1,-1,1,1
1,1,1,-1,-1,-1,1,-1,-1,1,-1,1,1,1,1,-1,-1,-1,1,-1,-1,1,-1,1,-1,-1,-1,1,1,1,-1,1,1,-1,1,-1,-1,-1,-1,1,1,1,-1,1,1,-1,1,-1,1,1,1,-1,-1,-1,1,-1,-1,1,-1,1,1,1,1,-1,-1,-1,1,-1,-1,1,-1,1,-1,-1,-1,1,1,1,-1,1,1,-1,1,-1,-1,-1,-1,1,1,1,-1,1,1,-1,1,-1,-1,-1,-1,1,1,1,-1,1,1,-1,1,-1,-1,-1,-1,1,1,1,-1,1,1,-1,1,-1,1,1,1,-1,-1,-1,1,-1,-1,1,-1,1,1,1,1,-1,-1,-1,1,-1,-1,1,-1,1,-1,-1,-1,1,1,1,-1,1,1,-1,1,-1,-1,-1,-1,1,1,1,-1,1,1,-1,1,-1,1,1,1,-1,-1,-1,1,-1,-1,1,-1,1,1,1,1,-1,-1,-1,1,-1,-1,1,-1,1
1,1,1,1,-1,-1,-1,1,-1,-1,1,-1,1,1,1,1,-1,-1,-1,1,-1,-1,1,-1,-1,-1,-1,-1,1,1,1,-1,1,1,-1,1,-1,-1,-1,-1,1,1,1,-1,1,1,-1,1,1,1,1,1,-1,-1,-1,1,-1,-1,1,-1,1,1,1,1,-1,-1,-1,1,-1,-1,1,-1,-1,-1,-1,-1,1,1,1,-1,1,1,-1,1,-1,-1,-1,-1,1,1,1,-1,1,1,-1,1,-1,-1,-1,-1,1,1,1,-1,1,1,-1,1,-1,-1,-1,-1,1,1,1,-1,1,1,-1,1,1,1,1,1,-1,-1,-1,1,-1,-1,1,-1,1,1,1,1,-1,-1,-1,1,-1,-1,1,-1,-1,-1,-1,-1,1,1,1,-1,1,1,-1,1,-1,-1,-1,-1,1,1,1,-1,1,1,-1,1,1,1,1,1,-1,-1,-1,1,-1,-1,1,-1,1,1,1,1,-1,-1,-1,1,-1,-1,1,-1
1,-1,1,1,1,-1,-1,-1,1,-1,-1,1,1,-1,1,1,1,-1,-1,-1,1,-1,-1,1,-1,1,-1,-1,-1,1,1,1,-1,1,1,-1,-1,1,-1,-1,-1,1,1,1,-1,1,1,-1,1,-1,1,1,1,-1,-1,-1,1,-1,-1,1,1,-1,1,1,1,-1,-1,-1,1,-1,-1,1,-1,1,-1,-1,-1,1,1,1,-1,1,1,-1,-1,1,-1,-1,-1,1,1,1,-1,1,1,-1,-1,1,-1,-1,-1,1,1,1,-1,1,1,-1,-1,1,-1,-1,-1,1,1,1,-1,1,1,-1,1,-1,1,1,1,-1,-1,-1,1,-1,-1,1,1,-1,1,1,1,-1,-1,-1,1,-1,-1,1,-1,1,-1,-1,-1,1,1,1,-1,1,1,-1,-1,1,-1,-1,-1,1,1,1,-1,1,1,-1,1,-1,1,1,1,-1,-1,-1,1,-1,-1,1,1,-1,1,1,1,-1,-1,-1,1,-1,-1,1
1,1,-1,1,1,1,-1,-1,-1,1,-1,-1,1,1,-1,1,1,1,-1,-1,-1,1,-1,-1,-1,-1,1,-1,-1,-1,1,1,1,-1,1,1,-1,-1,1,-1,-1,-1,1,1,1,-1,1,1,1,1,-1,1,1,1,-1,-1,-1,1,-1,-1,1,1,-1,1,1,1,-1,-1,-1,1,-1,-1,-1,-1,1,-1,-1,-1,1,1,1,-1,1,1,-1,-1,1,-1,-1,-1,1,1,1,-1,1,1,-1,-1,1,-1,-1,-1,1,1,1,-1,1,1,-1,-1,1,-1,-1,-1,1,1,1,-1,1,1,1,1,-1,1,1,1,-1,-1,-1,1,-1,-1,1,1,-1,1,1,1,-1,-1,-1,1,-1,-1,-1,-1,1,-1,-1,-1,1,1,1,-1,1,1,-1,-1,1,-1,-1,-1,1,1,1,-1,1,1,1,1,-1,1,1,1,-1,-1,-1,1,-1,-1,1,1,-1,1,1,1,-1,-1,-1,1,-1,-1
1,1,1,1,1,1,1,1,1,1,1,1,-1,-1,-1,-1,-1,-1,-1,-1,-1,-1,-1,-1,-1,-1,-1,-1,-1,-1,-1,-1,-1,-1,-1,-1,1,1,1,1,1,1,1,1,1,1,1,1,1,1,1,1,1,1,1,1,1,1,1,1,-1,-1,-1,-1,-1,-1,-1,-1,-1,-1,-1,-1,-1,-1,-1,-1,-1,-1,-1,-1,-1,-1,-1,-1,1,1,1,1,1,1,1,1,1,1,1,1,-1,-1,-1,-1,-1,-1,-1,-1,-1,-1,-1,-1,1,1,1,1,1,1,1,1,1,1,1,1,1,1,1,1,1,1,1,1,1,1,1,1,-1,-1,-1,-1,-1,-1,-1,-1,-1,-1,-1,-1,-1,-1,-1,-1,-1,-1,-1,-1,-1,-1,-1,-1,1,1,1,1,1,1,1,1,1,1,1,1,1,1,1,1,1,1,1,1,1,1,1,1,-1,-1,-1,-1,-1,-1,-1,-1,-1,-1,-1,-1
1,-1,1,-1,1,1,1,-1,-1,-1,1,-1,-1,1,-1,1,-1,-1,-1,1,1,1,-1,1,-1,1,-1,1,-1,-1,-1,1,1,1,-1,1,1,-1,1,-1,1,1,1,-1,-1,-1,1,-1,1,-1,1,-1,1,1,1,-1,-1,-1,1,-1,-1,1,-1,1,-1,-1,-1,1,1,1,-1,1,-1,1,-1,1,-1,-1,-1,1,1,1,-1,1,1,-1,1,-1,1,1,1,-1,-1,-1,1,-1,-1,1,-1,1,-1,-1,-1,1,1,1,-1,1,1,-1,1,-1,1,1,1,-1,-1,-1,1,-1,1,-1,1,-1,1,1,1,-1,-1,-1,1,-1,-1,1,-1,1,-1,-1,-1,1,1,1,-1,1,-1,1,-1,1,-1,-1,-1,1,1,1,-1,1,1,-1,1,-1,1,1,1,-1,-1,-1,1,-1,1,-1,1,-1,1,1,1,-1,-1,-1,1,-1,-1,1,-1,1,-1,-1,-1,1,1,1,-1,1
1,-1,-1,1,-1,1,1,1,-1,-1,-1,1,-1,1,1,-1,1,-1,-1,-1,1,1,1,-1,-1,1,1,-1,1,-1,-1,-1,1,1,1,-1,1,-1,-1,1,-1,1,1,1,-1,-1,-1,1,1,-1,-1,1,-1,1,1,1,-1,-1,-1,1,-1,1,1,-1,1,-1,-1,-1,1,1,1,-1,-1,1,1,-1,1,-1,-1,-1,1,1,1,-1,1,-1,-1,1,-1,1,1,1,-1,-1,-1,1,-1,1,1,-1,1,-1,-1,-1,1,1,1,-1,1,-1,-1,1,-1,1,1,1,-1,-1,-1,1,1,-1,-1,1,-1,1,1,1,-1,-1,-1,1,-1,1,1,-1,1,-1,-1,-1,1,1,1,-1,-1,1,1,-1,1,-1,-1,-1,1,1,1,-1,1,-1,-1,1,-1,1,1,1,-1,-1,-1,1,1,-1,-1,1,-1,1,1,1,-1,-1,-1,1,-1,1,1,-1,1,-1,-1,-1,1,1,1,-1
1,1,-1,-1,1,-1,1,1,1,-1,-1,-1,-1,-1,1,1,-1,1,-1,-1,-1,1,1,1,-1,-1,1,1,-1,1,-1,-1,-1,1,1,1,1,1,-1,-1,1,-1,1,1,1,-1,-1,-1,1,1,-1,-1,1,-1,1,1,1,-1,-1,-1,-1,-1,1,1,-1,1,-1,-1,-1,1,1,1,-1,-1,1,1,-1,1,-1,-1,-1,1,1,1,1,1,-1,-1,1,-1,1,1,1,-1,-1,-1,-1,-1,1,1,-1,1,-1,-1,-1,1,1,1,1,1,-1,-1,1,-1,1,1,1,-1,-1,-1,1,1,-1,-1,1,-1,1,1,1,-1,-1,-1,-1,-1,1,1,-1,1,-1,-1,-1,1,1,1,-1,-1,1,1,-1,1,-1,-1,-1,1,1,1,1,1,-1,-1,1,-1,1,1,1,-1,-1,-1,1,1,-1,-1,1,-1,1,1,1,-1,-1,-1,-1,-1,1,1,-1,1,-1,-1,-1,1,1,1
1,-1,1,-1,-1,1,-1,1,1,1,-1,-1,-1,1,-1,1,1,-1,1,-1,-1,-1,1,1,-1,1,-1,1,1,-1,1,-1,-1,-1,1,1,1,-1,1,-1,-1,1,-1,1,1,1,-1,-1,1,-1,1,-1,-1,1,-1,1,1,1,-1,-1,-1,1,-1,1,1,-1,1,-1,-1,-1,1,1,-1,1,-1,1,1,-1,1,-1,-1,-1,1,1,1,-1,1,-1,-1,1,-1,1,1,1,-1,-1,-1,1,-1,1,1,-1,1,-1,-1,-1,1,1,1,-1,1,-1,-1,1,-1,1,1,1,-1,-1,1,-1,1,-1,-1,1,-1,1,1,1,-1,-1,-1,1,-1,1,1,-1,1,-1,-1,-1,1,1,-1,1,-1,1,1,-1,1,-1,-1,-1,1,1,1,-1,1,-1,-1,1,-1,1,1,1,-1,-1,1,-1,1,-1,-1,1,-1,1,1,1,-1,-1,-1,1,-1,1,1,-1,1,-1,-1,-1,1,1
1,-1,-1,1,-1,-1,1,-1,1,1,1,-1,-1,1,1,-1,1,1,-1,1,-1,-1,-1,1,-1,1,1,-1,1,1,-1,1,-1,-1,-1,1,1,-1,-1,1,-1,-1,1,-1,1,1,1,-1,1,-1,-1,1,-1,-1,1,-1,1,1,1,-1,-1,1,1,-1,1,1,-1,1,-1,-1,-1,1,-1,1,1,-1,1,1,-1,1,-1,-1,-1,1,1,-1,-1,1,-1,-1,1,-1,1,1,1,-1,-1,1,1,-1,1,1,-1,1,-1,-1,-1,1,1,-1,-1,1,-1,-1,1,-1,1,1,1,-1,1,-1,-1,1,-1,-1,1,-1,1,1,1,-1,-1,1,1,-1,1,1,-1,1,-1,-1,-1,1,-1,1,1,-1,1,1,-1,1,-1,-1,-1,1,1,-1,-1,1,-1,-1,1,-1,1,1,1,-1,1,-1,-1,1,-1,-1,1,-1,1,1,1,-1,-1,1,1,-1,1,1,-1,1,-1,-1,-1,1
1,-1,-1,-1,1,-1,-1,1,-1,1,1,1,-1,1,1,1,-1,1,1,-1,1,-1,-1,-1,-1,1,1,1,-1,1,1,-1,1,-1,-1,-1,1,-1,-1,-1,1,-1,-1,1,-1,1,1,1,1,-1,-1,-1,1,-1,-1,1,-1,1,1,1,-1,1,1,1,-1,1,1,-1,1,-1,-1,-1,-1,1,1,1,-1,1,1,-1,1,-1,-1,-1,1,-1,-1,-1,1,-1,-1,1,-1,1,1,1,-1,1,1,1,-1,1,1,-1,1,-1,-1,-1,1,-1,-1,-1,1,-1,-1,1,-1,1,1,1,1,-1,-1,-1,1,-1,-1,1,-1,1,1,1,-1,1,1,1,-1,1,1,-1,1,-1,-1,-1,-1,1,1,1,-1,1,1,-1,1,-1,-1,-1,1,-1,-1,-1,1,-1,-1,1,-1,1,1,1,1,-1,-1,-1,1,-1,-1,1,-1,1,1,1,-1,1,1,1,-1,1,1,-1,1,-1,-1,-1
1,1,-1,-1,-1,1,-1,-1,1,-1,1,1,-1,-1,1,1,1,-1,1,1,-1,1,-1,-1,-1,-1,1,1,1,-1,1,1,-1,1,-1,-1,1,1,-1,-1,-1,1,-1,-1,1,-1,1,1,1,1,-1,-1,-1,1,-1,-1,1,-1,1,1,-1,-1,1,1,1,-1,1,1,-1,1,-1,-1,-1,-1,1,1,1,-1,1,1,-1,1,-1,-1,1,1,-1,-1,-1,1,-1,-1,1,-1,1,1,-1,-1,1,1,1,-1,1,1,-1,1,-1,-1,1,1,-1,-1,-1,1,-1,-1,1,-1,1,1,1,1,-1,-1,-1,1,-1,-1,1,-1,1,1,-1,-1,1,1,1,-1,1,1,-1,1,-1,-1,-1,-1,1,1,1,-1,1,1,-1,1,-1,-1,1,1,-1,-1,-1,1,-1,-1,1,-1,1,1,1,1,-1,-1,-1,1,-1,-1,1,-1,1,1,-1,-1,1,1,1,-1,1,1,-1,1,-1,-1
1,1,1,-1,-1,-1,1,-1,-1,1,-1,1,-1,-1,-1,1,1,1,-1,1,1,-1,1,-1,-1,-1,-1,1,1,1,-1,1,1,-1,1,-1,1,1,1,-1,-1,-1,1,-1,-1,1,-1,1,1,1,1,-1,-1,-1,1,-1,-1,1,-1,1,-1,-1,-1,1,1,1,-1,1,1,-1,1,-1,-1,-1,-1,1,1,1,-1,1,1,-1,1,-1,1,1,1,-1,-1,-1,1,-1,-1,1,-1,1,-1,-1,-1,1,1,1,-1,1,1,-1,1,-1,1,1,1,-1,-1,-1,1,-1,-1,1,-1,1,1,1,1,-1,-1,-1,1,-1,-1,1,-1,1,-1,-1,-1,1,1,1,-1,1,1,-1,1,-1,-1,-1,-1,1,1,1,-1,1,1,-1,1,-1,1,1,1,-1,-1,-1,1,-1,-1,1,-1,1,1,1,1,-1,-1,-1,1,-1,-1,1,-1,1,-1,-1,-1,1,1,1,-1,1,1,-1,1,-1
1,1,1,1,-1,-1,-1,1,-1,-1,1,-1,-1,-1,-1,-1,1,1,1,-1,1,1,-1,1,-1,-1,-1,-1,1,1,1,-1,1,1,-1,1,1,1,1,1,-1,-1,-1,1,-1,-1,1,-1,1,1,1,1,-1,-1,-1,1,-1,-1,1,-1,-1,-1,-1,-1,1,1,1,-1,1,1,-1,1,-1,-1,-1,-1,1,1,1,-1,1,1,-1,1,1,1,1,1,-1,-1,-1,1,-1,-1,1,-1,-1,-1,-1,-1,1,1,1,-1,1,1,-1,1,1,1,1,1,-1,-1,-1,1,-1,-1,1,-1,1,1,1,1,-1,-1,-1,1,-1,-1,1,-1,-1,-1,-1,-1,1,1,1,-1,1,1,-1,1,-1,-1,-1,-1,1,1,1,-1,1,1,-1,1,1,1,1,1,-1,-1,-1,1,-1,-1,1,-1,1,1,1,1,-1,-1,-1,1,-1,-1,1,-1,-1,-1,-1,-1,1,1,1,-1,1,1,-1,1
1,-1,1,1,1,-1,-1,-1,1,-1,-1,1,-1,1,-1,-1,-1,1,1,1,-1,1,1,-1,-1,1,-1,-1,-1,1,1,1,-1,1,1,-1,1,-1,1,1,1,-1,-1,-1,1,-1,-1,1,1,-1,1,1,1,-1,-1,-1,1,-1,-1,1,-1,1,-1,-1,-1,1,1,1,-1,1,1,-1,-1,1,-1,-1,-1,1,1,1,-1,1,1,-1,1,-1,1,1,1,-1,-1,-1,1,-1,-1,1,-1,1,-1,-1,-1,1,1,1,-1,1,1,-1,1,-1,1,1,1,-1,-1,-1,1,-1,-1,1,1,-1,1,1,1,-1,-1,-1,1,-1,-1,1,-1,1,-1,-1,-1,1,1,1,-1,1,1,-1,-1,1,-1,-1,-1,1,1,1,-1,1,1,-1,1,-1,1,1,1,-1,-1,-1,1,-1,-1,1,1,-1,1,1,1,-1,-1,-1,1,-1,-1,1,-1,1,-1,-1,-1,1,1,1,-1,1,1,-1
1,1,-1,1,1,1,-1,-1,-1,1,-1,-1,-1,-1,1,-1,-1,-1,1,1,1,-1,1,1,-1,-1,1,-1,-1,-1,1,1,1,-1,1,1,1,1,-1,1,1,1,-1,-1,-1,1,-1,-1,1,1,-1,1,1,1,-1,-1,-1,1,-1,-1,-1,-1,1,-1,-1,-1,1,1,1,-1,1,1,-1,-1,1,-1,-1,-1,1,1,1,-1,1,1,1,1,-1,1,1,1,-1,-1,-1,1,-1,-1,-1,-1,1,-1,-1,-1,1,1,1,-1,1,1,1,1,-1,1,1,1,-1,-1,-1,1,-1,-1,1,1,-1,1,1,1,-1,-1,-1,1,-1,-1,-1,-1,1,-1,-1,-1,1,1,1,-1,1,1,-1,-1,1,-1,-1,-1,1,1,1,-1,1,1,1,1,-1,1,1,1,-1,-1,-1,1,-1,-1,1,1,-1,1,1,1,-1,-1,-1,1,-1,-1,-1,-1,1,-1,-1,-1,1,1,1,-1,1,1
1,1,1,1,1,1,1,1,1,1,1,1,1,1,1,1,1,1,1,1,1,1,1,1,1,1,1,1,1,1,1,1,1,1,1,1,1,1,1,1,1,1,1,1,1,1,1,1,-1,-1,-1,-1,-1,-1,-1,-1,-1,-1,-1,-1,-1,-1,-1,-1,-1,-1,-1,-1,-1,-1,-1,-1,-1,-1,-1,-1,-1,-1,-1,-1,-1,-1,-1,-1,-1,-1,-1,-1,-1,-1,-1,-1,-1,-1,-1,-1,-1,-1,-1,-1,-1,-1,-1,-1,-1,-1,-1,-1,-1,-1,-1,-1,-1,-1,-1,-1,-1,-1,-1,-1,-1,-1,-1,-1,-1,-1,-1,-1,-1,-1,-1,-1,-1,-1,-1,-1,-1,-1,-1,-1,-1,-1,-1,-1,1,1,1,1,1,1,1,1,1,1,1,1,1,1,1,1,1,1,1,1,1,1,1,1,1,1,1,1,1,1,1,1,1,1,1,1,1,1,1,1,1,1,1,1,1,1,1,1
1,-1,1,-1,1,1,1,-1,-1,-1,1,-1,1,-1,1,-1,1,1,1,-1,-1,-1,1,-1,1,-1,1,-1,1,1,1,-1,-1,-1,1,-1,1,-1,1,-1,1,1,1,-1,-1,-1,1,-1,-1,1,-1,1,-1,-1,-1,1,1,1,-1,1,-1,1,-1,1,-1,-1,-1,1,1,1,-1,1,-1,1,-1,1,-1,-1,-1,1,1,1,-1,1,-1,1,-1,1,-1,-1,-1,1,1,1,-1,1,-1,1,-1,1,-1,-1,-1,1,1,1,-1,1,-1,1,-1,1,-1,-1,-1,1,1,1,-1,1,-1,1,-1,1,-1,-1,-1,1,1,1,-1,1,-1,1,-1,1,-1,-1,-1,1,1,1,-1,1,1,-1,1,-1,1,1,1,-1,-1,-1,1,-1,1,-1,1,-1,1,1,1,-1,-1,-1,1,-1,1,-1,1,-1,1,1,1,-1,-1,-1,1,-1,1,-1,1,-1,1,1,1,-1,-1,-1,1,-1
1,-1,-1,1,-1,1,1,1,-1,-1,-1,1,1,-1,-1,1,-1,1,1,1,-1,-1,-1,1,1,-1,-1,1,-1,1,1,1,-1,-1,-1,1,1,-1,-1,1,-1,1,1,1,-1,-1,-1,1,-1,1,1,-1,1,-1,-1,-1,1,1,1,-1,-1,1,1,-1,1,-1,-1,-1,1,1,1,-1,-1,1,1,-1,1,-1,-1,-1,1,1,1,-1,-1,1,1,-1,1,-1,-1,-1,1,1,1,-1,-1,1,1,-1,1,-1,-1,-1,1,1,1,-1,-1,1,1,-1,1,-1,-1,-1,1,1,1,-1,-1,1,1,-1,1,-1,-1,-1,1,1,1,-1,-1,1,1,-1,1,-1,-1,-1,1,1,1,-1,1,-1,-1,1,-1,1,1,1,-1,-1,-1,1,1,-1,-1,1,-1,1,1,1,-1,-1,-1,1,1,-1,-1,1,-1,1,1,1,-1,-1,-1,1,1,-1,-1,1,-1,1,1,1,-1,-1,-1,1
1,1,-1,-1,1,-1,1,1,1,-1,-1,-1,1,1,-1,-1,1,-1,1,1,1,-1,-1,-1,1,1,-1,-1,1,-1,1,1,1,-1,-1,-1,1,1,-1,-1,1,-1,1,1,1,-1,-1,-1,-1,-1,1,1,-1,1,-1,-1,-1,1,1,1,-1,-1,1,1,-1,1,-1,-1,-1,1,1,1,-1,-1,1,1,-1,1,-1,-1,-1,1,1,1,-1,-1,1,1,-1,1,-1,-1,-1,1,1,1,-1,-1,1,1,-1,1,-1,-1,-1,1,1,1,-1,-1,1,1,-1,1,-1,-1,-1,1,1,1,-1,-1,1,1,-1,1,-1,-1,-1,1,1,1,-1,-1,1,1,-1,1,-1,-1,-1,1,1,1,1,1,-1,-1,1,-1,1,1,1,-1,-1,-1,1,1,-1,-1,1,-1,1,1,1,-1,-1,-1,1,1,-1,-1,1,-1,1,1,1,-1,-1,-1,1,1,-1,-1,1,-1,1,1,1,-1,-1,-1
1,-1,1,-1,-1,1,-1,1,1,1,-1,-1,1,-1,1,-1,-1,1,-1,1,1,1,-1,-1,1,-1,1,-1,-1,1,-1,1,1,1,-1,-1,1,-1,1,-1,-1,1,-1,1,1,1,-1,-1,-1,1,-1,1,1,-1,1,-1,-1,-1,1,1,-1,1,-1,1,1,-1,1,-1,-1,-1,1,1,-1,1,-1,1,1,-1,1,-1,-1,-1,1,1,-1,1,-1,1,1,-1,1,-1,-1,-1,1,1,-1,1,-1,1,1,-1,1,-1,-1,-1,1,1,-1,1,-1,1,1,-1,1,-1,-1,-1,1,1,-1,1,-1,1,1,-1,1,-1,-1,-1,1,1,-1,1,-1,1,1,-1,1,-1,-1,-1,1,1,1,-1,1,-1,-1,1,-1,1,1,1,-1,-1,1,-1,1,-1,-1,1,-1,1,1,1,-1,-1,1,-1,1,-1,-1,1,-1,1,1,1,-1,-1,1,-1,1,-1,-1,1,-1,1,1,1,-1,-1
1,-1,-1,1,-1,-1,1,-1,1,1,1,-1,1,-1,-1,1,-1,-1,1,-1,1,1,1,-1,1,-1,-1,1,-1,-1,1,-1,1,1,1,-1,1,-1,-1,1,-1,-1,1,-1,1,1,1,-1,-1,1,1,-1,1,1,-1,1,-1,-1,-1,1,-1,1,1,-1,1,1,-1,1,-1,-1,-1,1,-1,1,1,-1,1,1,-1,1,-1,-1,-1,1,-1,1,1,-1,1,1,-1,1,-1,-1,-1,1,-1,1,1,-1,1,1,-1,1,-1,-1,-1,1,-1,1,1,-1,1,1,-1,1,-1,-1,-1,1,-1,1,1,-1,1,1,-1,1,-1,-1,-1,1,-1,1,1,-1,1,1,-1,1,-1,-1,-1,1,1,-1,-1,1,-1,-1,1,-1,1,1,1,-1,1,-1,-1,1,-1,-1,1,-1,1,1,1,-1,1,-1,-1,1,-1,-1,1,-1,1,1,1,-1,1,-1,-1,1,-1,-1,1,-1,1,1,1,-1
1,-1,-1,-1,1,-1,-1,1,-1,1,1,1,1,-1,-1,-1,1,-1,-1,1,-1,1,1,1,1,-1,-1,-1,1,-1,-1,1,-1,1,1,1,1,-1,-1,-1,1,-1,-1,1,-1,1,1,1,-1,1,1,1,-1,1,1,-1,1,-1,-1,-1,-1,1,1,1,-1,1,1,-1,1,-1,-1,-1,-1,1,1,1,-1,1,1,-1,1,-1,-1,-1,-1,1,1,1,-1,1,1,-1,1,-1,-1,-1,-1,1,1,1,-1,1,1,-1,1,-1,-1,-1,-1,1,1,1,-1,1,1,-1,1,-1,-1,-1,-1,1,1,1,-1,1,1,-1,1,-1,-1,-1,-1,1,1,1,-1,1,1,-1,1,-1,-1,-1,1,-1,-1,-1,1,-1,-1,1,-1,1,1,1,1,-1,-1,-1,1,-1,-1,1,-1,1,1,1,1,-1,-1,-1,1,-1,-1,1,-1,1,1,1,1,-1,-1,-1,1,-1,-1,1,-1,1,1,1
1,1,-1,-1,-1,1,-1,-1,1,-1,1,1,1,1,-1,-1,-1,1,-1,-1,1,-1,1,1,1,1,-1,-1,-1,1,-1,-1,1,-1,1,1,1,1,-1,-1,-1,1,-1,-1,1,-1,1,1,-1,-1,1,1,1,-1,1,1,-1,1,-1,-1,-1,-1,1,1,1,-1,1,1,-1,1,-1,-1,-1,-1,1,1,1,-1,1,1,-1,1,-1,-1,-1,-1,1,1,1,-1,1,1,-1,1,-1,-1,-1,-1,1,1,1,-1,1,1,-1,1,-1,-1,-1,-1,1,1,1,-1,1,1,-1,1,-1,-1,-1,-1,1,1,1,-1,1,1,-1,1,-1,-1,-1,-1,1,1,1,-1,1,1,-1,1,-1,-1,1,1,-1,-1,-1,1,-1,-1,1,-1,1,1,1,1,-1,-1,-1,1,-1,-1,1,-1,1,1,1,1,-1,-1,-1,1,-1,-1,1,-1,1,1,1,1,-1,-1,-1,1,-1,-1,1,-1,1,1
1,1,1,-1,-1,-1,1,-1,-1,1,-1,1,1,1,1,-1,-1,-1,1,-1,-1,1,-1,1,1,1,1,-1,-1,-1,1,-1,-1,1,-1,1,1,1,1,-1,-1,-1,1,-1,-1,1,-1,1,-1,-1,-1,1,1,1,-1,1,1,-1,1,-1,-1,-1,-1,1,1,1,-1,1,1,-1,1,-1,-1,-1,-1,1,1,1,-1,1,1,-1,1,-1,-1,-1,-1,1,1,1,-1,1,1,-1,1,-1,-1,-1,-1,1,1,1,-1,1,1,-1,1,-1,-1,-1,-1,1,1,1,-1,1,1,-1,1,-1,-1,-1,-1,1,1,1,-1,1,1,-1,1,-1,-1,-1,-1,1,1,1,-1,1,1,-1,1,-1,1,1,1,-1,-1,-1,1,-1,-1,1,-1,1,1,1,1,-1,-1,-1,1,-1,-1,1,-1,1,1,1,1,-1,-1,-1,1,-1,-1,1,-1,1,1,1,1,-1,-1,-1,1,-1,-1,1,-1,1
1,1,1,1,-1,-1,-1,1,-1,-1,1,-1,1,1,1,1,-1,-1,-1,1,-1,-1,1,-1,1,1,1,1,-1,-1,-1,1,-1,-1,1,-1,1,1,1,1,-1,-1,-1,1,-1,-1,1,-1,-1,-1,-1,-1,1,1,1,-1,1,1,-1,1,-1,-1,-1,-1,1,1,1,-1,1,1,-1,1,-1,-1,-1,-1,1,1,1,-1,1,1,-1,1,-1,-1,-1,-1,1,1,1,-1,1,1,-1,1,-1,-1,-1,-1,1,1,1,-1,1,1,-1,1,-1,-1,-1,-1,1,1,1,-1,1,1,-1,1,-1,-1,-1,-1,1,1,1,-1,1,1,-1,1,-1,-1,-1,-1,1,1,1,-1,1,1,-1,1,1,1,1,1,-1,-1,-1,1,-1,-1,1,-1,1,1,1,1,-1,-1,-1,1,-1,-1,1,-1,1,1,1,1,-1,-1,-1,1,-1,-1,1,-1,1,1,1,1,-1,-1,-1,1,-1,-1,1,-1
1,-1,1,1,1,-1,-1,-1,1,-1,-1,1,1,-1,1,1,1,-1,-1,-1,1,-1,-1,1,1,-1,1,1,1,-1,-1,-1,1,-1,-1,1,1,-1,1,1,1,-1,-1,-1,1,-1,-1,1,-1,1,-1,-1,-1,1,1,1,-1,1,1,-1,-1,1,-1,-1,-1,1,1,1,-1,1,1,-1,-1,1,-1,-1,-1,1,1,1,-1,1,1,-1,-1,1,-1,-1,-1,1,1,1,-1,1,1,-1,-1,1,-1,-1,-1,1,1,1,-1,1,1,-1,-1,1,-1,-1,-1,1,1,1,-1,1,1,-1,-1,1,-1,-1,-1,1,1,1,-1,1,1,-1,-1,1,-1,-1,-1,1,1,1,-1,1,1,-1,1,-1,1,1,1,-1,-1,-1,1,-1,-1,1,1,-1,1,1,1,-1,-1,-1,1,-1,-1,1,1,-1,1,1,1,-1,-1,-1,1,-1,-1,1,1,-1,1,1,1,-1,-1,-1,1,-1,-1,1
1,1,-1,1,1,1,-1,-1,-1,1,-1,-1,1,1,-1,1,1,1,-1,-1,-1,1,-1,-1,1,1,-1,1,1,1,-1,-1,-1,1,-1,-1,1,1,-1,1,1,1,-1,-1,-1,1,-1,-1,-1,-1,1,-1,-1,-1,1,1,1,-1,1,1,-1,-1,1,-1,-1,-1,1,1,1,-1,1,1,-1,-1,1,-1,-1,-1,1,1,1,-1,1,1,-1,-1,1,-1,-1,-1,1,1,1,-1,1,1,-1,-1,1,-1,-1,-1,1,1,1,-1,1,1,-1,-1,1,-1,-1,-1,1,1,1,-1,1,1,-1,-1,1,-1,-1,-1,1,1,1,-1,1,1,-1,-1,1,-1,-1,-1,1,1,1,-1,1,1,1,1,-1,1,1,1,-1,-1,-1,1,-1,-1,1,1,-1,1,1,1,-1,-1,-1,1,-1,-1,1,1,-1,1,1,1,-1,-1,-1,1,-1,-1,1,1,-1,1,1,1,-1,-1,-1,1,-1,-1
1,1,1,1,1,1,1,1,1,1,1,1,-1,-1,-1,-1,-1,-1,-1,-1,-1,-1,-1,-1,1,1,1,1,1,1,1,1,1,1,1,1,-1,-1,-1,-1,-1,-1,-1,-1,-1,-1,-1,-1,-1,-1,-1,-1,-1,-1,-1,-1,-1,-1,-1,-1,1,1,1,1,1,1,1,1,1,1,1,1,-1,-1,-1,-1,-1,-1,-1,-1,-1,-1,-1,-1,1,1,1,1,1,1,1,1,1,1,1,1,-1,-1,-1,-1,-1,-1,-1,-1,-1,-1,-1,-1,1,1,1,1,1,1,1,1,1,1,1,1,-1,-1,-1,-1,-1,-1,-1,-1,-1,-1,-1,-1,1,1,1,1,1,1,1,1,1,1,1,1,1,1,1,1,1,1,1,1,1,1,1,1,-1,-1,-1,-1,-1,-1,-1,-1,-1,-1,-1,-1,1,1,1,1,1,1,1,1,1,1,1,1,-1,-1,-1,-1,-1,-1,-1,-1,-1,-1,-1,-1
1,-1,1,-1,1,1,1,-1,-1,-1,1,-1,-1,1,-1,1,-1,-1,-1,1,1,1,-1,1,1,-1,1,-1,1,1,1,-1,-1,-1,1,-1,-1,1,-1,1,-1,-1,-1,1,1,1,-1,1,-1,1,-1,1,-1,-1,-1,1,1,1,-1,1,1,-1,1,-1,1,1,1,-1,-1,-1,1,-1,-1,1,-1,1,-1,-1,-1,1,1,1,-1,1,1,-1,1,-1,1,1,1,-1,-1,-1,1,-1,-1,1,-1,1,-1,-1,-1,1,1,1,-1,1,1,-1,1,-1,1,1,1,-1,-1,-1,1,-1,-1,1,-1,1,-1,-1,-1,1,1,1,-1,1,1,-1,1,-1,1,1,1,-1,-1,-1,1,-1,1,-1,1,-1,1,1,1,-1,-1,-1,1,-1,-1,1,-1,1,-1,-1,-1,1,1,1,-1,1,1,-1,1,-1,1,1,1,-1,-1,-1,1,-1,-1,1,-1,1,-1,-1,-1,1,1,1,-1,1
1,-1,-1,1,-1,1,1,1,-1,-1,-1,1,-1,1,1,-1,1,-1,-1,-1,1,1,1,-1,1,-1,-1,1,-1,1,1,1,-1,-1,-1,1,-1,1,1,-1,1,-1,-1,-1,1,1,1,-1,-1,1,1,-1,1,-1,-1,-1,1,1,1,-1,1,-1,-1,1,-1,1,1,1,-1,-1,-1,1,-1,1,1,-1,1,-1,-1,-1,1,1,1,-1,1,-1,-1,1,-1,1,1,1,-1,-1,-1,1,-1,1,1,-1,1,-1,-1,-1,1,1,1,-1,1,-1,-1,1,-1,1,1,1,-1,-1,-1,1,-1,1,1,-1,1,-1,-1,-1,1,1,1,-1,1,-1,-1,1,-1,1,1,1,-1,-1,-1,1,1,-1,-1,1,-1,1,1,1,-1,-1,-1,1,-1,1,1,-1,1,-1,-1,-1,1,1,1,-1,1,-1,-1,1,-1,1,1,1,-1,-1,-1,1,-1,1,1,-1,1,-1,-1,-1,1,1,1,-1
1,1,-1,-1,1,-1,1,1,1,-1,-1,-1,-1,-1,1,1,-1,1,-1,-1,-1,1,1,1,1,1,-1,-1,1,-1,1,1,1,-1,-1,-1,-1,-1,1,1,-1,1,-1,-1,-1,1,1,1,-1,-1,1,1,-1,1,-1,-1,-1,1,1,1,1,1,-1,-1,1,-1,1,1,1,-1,-1,-1,-1,-1,1,1,-1,1,-1,-1,-1,1,1,1,1,1,-1,-1,1,-1,1,1,1,-1,-1,-1,-1,-1,1,1,-1,1,-1,-1,-1,1,1,1,1,1,-1,-1,1,-1,1,1,1,-1,-1,-1,-1,-1,1,1,-1,1,-1,-1,-1,1,1,1,1,1,-1,-1,1,-1,1,1,1,-1,-1,-1,1,1,-1,-1,1,-1,1,1,1,-1,-1,-1,-1,-1,1,1,-1,1,-1,-1,-1,1,1,1,1,1,-1,-1,1,-1,1,1,1,-1,-1,-1,-1,-1,1,1,-1,1,-1,-1,-1,1,1,1
1,-1,1,-1,-1,1,-1,1,1,1,-1,-1,-1,1,-1,1,1,-1,1,-1,-1,-1,1,1,1,-1,1,-1,-1,1,-1,1,1,1,-1,-1,-1,1,-1,1,1,-1,1,-1,-1,-1,1,1,-1,1,-1,1,1,-1,1,-1,-1,-1,1,1,1,-1,1,-1,-1,1,-1,1,1,1,-1,-1,-1,1,-1,1,1,-1,1,-1,-1,-1,1,1,1,-1,1,-1,-1,1,-1,1,1,1,-1,-1,-1,1,-1,1,1,-1,1,-1,-1,-1,1,1,1,-1,1,-1,-1,1,-1,1,1,1,-1,-1,-1,1,-1,1,1,-1,1,-1,-1,-1,1,1,1,-1,1,-1,-1,1,-1,1,1,1,-1,-1,1,-1,1,-1,-1,1,-1,1,1,1,-1,-1,-1,1,-1,1,1,-1,1,-1,-1,-1,1,1,1,-1,1,-1,-1,1,-1,1,1,1,-1,-1,-1,1,-1,1,1,-1,1,-1,-1,-1,1,1
1,-1,-1,1,-1,-1,1,-1,1,1,1,-1,-1,1,1,-1,1,1,-1,1,-1,-1,-1,1,1,-1,-1,1,-1,-1,1,-1,1,1,1,-1,-1,1,1,-1,1,1,-1,1,-1,-1,-1,1,-1,1,1,-1,1,1,-1,1,-1,-1,-1,1,1,-1,-1,1,-1,-1,1,-1,1,1,1,-1,-1,1,1,-1,1,1,-1,1,-1,-1,-1,1,1,-1,-1,1,-1,-1,1,-1,1,1,1,-1,-1,1,1,-1,1,1,-1,1,-1,-1,-1,1,1,-1,-1,1,-1,-1,1,-1,1,1,1,-1,-1,1,1,-1,1,1,-1,1,-1,-1,-1,1,1,-1,-1,1,-1,-1,1,-1,1,1,1,-1,1,-1,-1,1,-1,-1,1,-1,1,1,1,-1,-1,1,1,-1,1,1,-1,1,-1,-1,-1,1,1,-1,-1,1,-1,-1,1,-1,1,1,1,-1,-1,1,1,-1,1,1,-1,1,-1,-1,-1,1
1,-1,-1,-1,1,-1,-1,1,-1,1,1,1,-1,1,1,1,-1,1,1,-1,1,-1,-1,-1,1,-1,-1,-1,1,-1,-1,1,-1,1,1,1,-1,1,1,1,-1,1,1,-1,1,-1,-1,-1,-1,1,1,1,-1,1,1,-1,1,-1,-1,-1,1,-1,-1,-1,1,-1,-1,1,-1,1,1,1,-1,1,1,1,-1,1,1,-1,1,-1,-1,-1,1,-1,-1,-1,1,-1,-1,1,-1,1,1,1,-1,1,1,1,-1,1,1,-1,1,-1,-1,-1,1,-1,-1,-1,1,-1,-1,1,-1,1,1,1,-1,1,1,1,-1,1,1,-1,1,-1,-1,-1,1,-1,-1,-1,1,-1,-1,1,-1,1,1,1,1,-1,-1,-1,1,-1,-1,1,-1,1,1,1,-1,1,1,1,-1,1,1,-1,1,-1,-1,-1,1,-1,-1,-1,1,-1,-1,1,-1,1,1,1,-1,1,1,1,-1,1,1,-1,1,-1,-1,-1
1,1,-1,-1,-1,1,-1,-1,1,-1,1,1,-1,-1,1,1,1,-1,1,1,-1,1,-1,-1,1,1,-1,-1,-1,1,-1,-1,1,-1,1,1,-1,-1,1,1,1,-1,1,1,-1,1,-1,-1,-1,-1,1,1,1,-1,1,1,-1,1,-1,-1,1,1,-1,-1,-1,1,-1,-1,1,-1,1,1,-1,-1,1,1,1,-1,1,1,-1,1,-1,-1,1,1,-1,-1,-1,1,-1,-1,1,-1,1,1,-1,-1,1,1,1,-1,1,1,-1,1,-1,-1,1,1,-1,-1,-1,1,-1,-1,1,-1,1,1,-1,-1,1,1,1,-1,1,1,-1,1,-1,-1,1,1,-1,-1,-1,1,-1,-1,1,-1,1,1,1,1,-1,-1,-1,1,-1,-1,1,-1,1,1,-1,-1,1,1,1,-1,1,1,-1,1,-1,-1,1,1,-1,-1,-1,1,-1,-1,1,-1,1,1,-1,-1,1,1,1,-1,1,1,-1,1,-1,-1
1,1,1,-1,-1,-1,1,-1,-1,1,-1,1,-1,-1,-1,1,1,1,-1,1,1,-1,1,-1,1,1,1,-1,-1,-1,1,-1,-1,1,-1,1,-1,-1,-1,1,1,1,-1,1,1,-1,1,-1,-1,-1,-1,1,1,1,-1,1,1,-1,1,-1,1,1,1,-1,-1,-1,1,-1,-1,1,-1,1,-1,-1,-1,1,1,1,-1,1,1,-1,1,-1,1,1,1,-1,-1,-1,1,-1,-1,1,-1,1,-1,-1,-1,1,1,1,-1,1,1,-1,1,-1,1,1,1,-1,-1,-1,1,-1,-1,1,-1,1,-1,-1,-1,1,1,1,-1,1,1,-1,1,-1,1,1,1,-1,-1,-1,1,-1,-1,1,-1,1,1,1,1,-1,-1,-1,1,-1,-1,1,-1,1,-1,-1,-1,1,1,1,-1,1,1,-1,1,-1,1,1,1,-1,-1,-1,1,-1,-1,1,-1,1,-1,-1,-1,1,1,1,-1,1,1,-1,1,-1
1,1,1,1,-1,-1,-1,1,-1,-1,1,-1,-1,-1,-1,-1,1,1,1,-1,1,1,-1,1,1,1,1,1,-1,-1,-1,1,-1,-1,1,-1,-1,-1,-1,-1,1,1,1,-1,1,1,-1,1,-1,-1,-1,-1,1,1,1,-1,1,1,-1,1,1,1,1,1,-1,-1,-1,1,-1,-1,1,-1,-1,-1,-1,-1,1,1,1,-1,1,1,-1,1,1,1,1,1,-1,-1,-1,1,-1,-1,1,-1,-1,-1,-1,-1,1,1,1,-1,1,1,-1,1,1,1,1,1,-1,-1,-1,1,-1,-1,1,-1,-1,-1,-1,-1,1,1,1,-1,1,1,-1,1,1,1,1,1,-1,-1,-1,1,-1,-1,1,-1,1,1,1,1,-1,-1,-1,1,-1,-1,1,-1,-1,-1,-1,-1,1,1,1,-1,1,1,-1,1,1,1,1,1,-1,-1,-1,1,-1,-1,1,-1,-1,-1,-1,-1,1,1,1,-1,1,1,-1,1
1,-1,1,1,1,-1,-1,-1,1,-1,-1,1,-1,1,-1,-1,-1,1,1,1,-1,1,1,-1,1,-1,1,1,1,-1,-1,-1,1,-1,-1,1,-1,1,-1,-1,-1,1,1,1,-1,1,1,-1,-1,1,-1,-1,-1,1,1,1,-1,1,1,-1,1,-1,1,1,1,-1,-1,-1,1,-1,-1,1,-1,1,-1,-1,-1,1,1,1,-1,1,1,-1,1,-1,1,1,1,-1,-1,-1,1,-1,-1,1,-1,1,-1,-1,-1,1,1,1,-1,1,1,-1,1,-1,1,1,1,-1,-1,-1,1,-1,-1,1,-1,1,-1,-1,-1,1,1,1,-1,1,1,-1,1,-1,1,1,1,-1,-1,-1,1,-1,-1,1,1,-1,1,1,1,-1,-1,-1,1,-1,-1,1,-1,1,-1,-1,-1,1,1,1,-1,1,1,-1,1,-1,1,1,1,-1,-1,-1,1,-1,-1,1,-1,1,-1,-1,-1,1,1,1,-1,1,1,-1
1,1,-1,1,1,1,-1,-1,-1,1,-1,-1,-1,-1,1,-1,-1,-1,1,1,1,-1,1,1,1,1,-1,1,1,1,-1,-1,-1,1,-1,-1,-1,-1,1,-1,-1,-1,1,1,1,-1,1,1,-1,-1,1,-1,-1,-1,1,1,1,-1,1,1,1,1,-1,1,1,1,-1,-1,-1,1,-1,-1,-1,-1,1,-1,-1,-1,1,1,1,-1,1,1,1,1,-1,1,1,1,-1,-1,-1,1,-1,-1,-1,-1,1,-1,-1,-1,1,1,1,-1,1,1,1,1,-1,1,1,1,-1,-1,-1,1,-1,-1,-1,-1,1,-1,-1,-1,1,1,1,-1,1,1,1,1,-1,1,1,1,-1,-1,-1,1,-1,-1,1,1,-1,1,1,1,-1,-1,-1,1,-1,-1,-1,-1,1,-1,-1,-1,1,1,1,-1,1,1,1,1,-1,1,1,1,-1,-1,-1,1,-1,-1,-1,-1,1,-1,-1,-1,1,1,1,-1,1,1
1,1,1,1,1,1,1,1,1,1,1,1,1,1,1,1,1,1,1,1,1,1,1,1,-1,-1,-1,-1,-1,-1,-1,-1,-1,-1,-1,-1,-1,-1,-1,-1,-1,-1,-1,-1,-1,-1,-1,-1,-1,-1,-1,-1,-1,-1,-1,-1,-1,-1,-1,-1,-1,-1,-1,-1,-1,-1,-1,-1,-1,-1,-1,-1,1,1,1,1,1,1,1,1,1,1,1,1,1,1,1,1,1,1,1,1,1,1,1,1,-1,-1,-1,-1,-1,-1,-1,-1,-1,-1,-1,-1,-1,-1,-1,-1,-1,-1,-1,-1,-1,-1,-1,-1,1,1,1,1,1,1,1,1,1,1,1,1,1,1,1,1,1,1,1,1,1,1,1,1,1,1,1,1,1,1,1,1,1,1,1,1,1,1,1,1,1,1,1,1,1,1,1,1,-1,-1,-1,-1,-1,-1,-1,-1,-1,-1,-1,-1,-1,-1,-1,-1,-1,-1,-1,-1,-1,-1,-1,-1
1,-1,1,-1,1,1,1,-1,-1,-1,1,-1,1,-1,1,-1,1,1,1,-1,-1,-1,1,-1,-1,1,-1,1,-1,-1,-1,1,1,1,-1,1,-1,1,-1,1,-1,-1,-1,1,1,1,-1,1,-1,1,-1,1,-1,-1,-1,1,1,1,-1,1,-1,1,-1,1,-1,-1,-1,1,1,1,-1,1,1,-1,1,-1,1,1,1,-1,-1,-1,1,-1,1,-1,1,-1,1,1,1,-1,-1,-1,1,-1,-1,1,-1,1,-1,-1,-1,1,1,1,-1,1,-1,1,-1,1,-1,-1,-1,1,1,1,-1,1,1,-1,1,-1,1,1,1,-1,-1,-1,1,-1,1,-1,1,-1,1,1,1,-1,-1,-1,1,-1,1,-1,1,-1,1,1,1,-1,-1,-1,1,-1,1,-1,1,-1,1,1,1,-1,-1,-1,1,-1,-1,1,-1,1,-1,-1,-1,1,1,1,-1,1,-1,1,-1,1,-1,-1,-1,1,1,1,-1,1
1,-1,-1,1,-1,1,1,1,-1,-1,-1,1,1,-1,-1,1,-1,1,1,1,-1,-1,-1,1,-1,1,1,-1,1,-1,-1,-1,1,1,1,-1,-1,1,1,-1,1,-1,-1,-1,1,1,1,-1,-1,1,1,-1,1,-1,-1,-1,1,1,1,-1,-1,1,1,-1,1,-1,-1,-1,1,1,1,-1,1,-1,-1,1,-1,1,1,1,-1,-1,-1,1,1,-1,-1,1,-1,1,1,1,-1,-1,-1,1,-1,1,1,-1,1,-1,-1,-1,1,1,1,-1,-1,1,1,-1,1,-1,-1,-1,1,1,1,-1,1,-1,-1,1,-1,1,1,1,-1,-1,-1,1,1,-1,-1,1,-1,1,1,1,-1,-1,-1,1,1,-1,-1,1,-1,1,1,1,-1,-1,-1,1,1,-1,-1,1,-1,1,1,1,-1,-1,-1,1,-1,1,1,-1,1,-1,-1,-1,1,1,1,-1,-1,1,1,-1,1,-1,-1,-1,1,1,1,-1
1,1,-1,-1,1,-1,1,1,1,-1,-1,-1,1,1,-1,-1,1,-1,1,1,1,-1,-1,-1,-1,-1,1,1,-1,1,-1,-1,-1,1,1,1,-1,-1,1,1,-1,1,-1,-1,-1,1,1,1,-1,-1,1,1,-1,1,-1,-1,-1,1,1,1,-1,-1,1,1,-1,1,-1,-1,-1,1,1,1,1,1,-1,-1,1,-1,1,1,1,-1,-1,-1,1,1,-1,-1,1,-1,1,1,1,-1,-1,-1,-1,-1,1,1,-1,1,-1,-1,-1,1,1,1,-1,-1,1,1,-1,1,-1,-1,-1,1,1,1,1,1,-1,-1,1,-1,1,1,1,-1,-1,-1,1,1,-1,-1,1,-1,1,1,1,-1,-1,-1,1,1,-1,-1,1,-1,1,1,1,-1,-1,-1,1,1,-1,-1,1,-1,1,1,1,-1,-1,-1,-1,-1,1,1,-1,1,-1,-1,-1,1,1,1,-1,-1,1,1,-1,1,-1,-1,-1,1,1,1
1,-1,1,-1,-1,1,-1,1,1,1,-1,-1,1,-1,1,-1,-1,1,-1,1,1,1,-1,-1,-1,1,-1,1,1,-1,1,-1,-1,-1,1,1,-1,1,-1,1,1,-1,1,-1,-1,-1,1,1,-1,1,-1,1,1,-1,1,-1,-1,-1,1,1,-1,1,-1,1,1,-1,1,-1,-1,-1,1,1,1,-1,1,-1,-1,1,-1,1,1,1,-1,-1,1,-1,1,-1,-1,1,-1,1,1,1,-1,-1,-1,1,-1,1,1,-1,1,-1,-1,-1,1,1,-1,1,-1,1,1,-1,1,-1,-1,-1,1,1,1,-1,1,-1,-1,1,-1,1,1,1,-1,-1,1,-1,1,-1,-1,1,-1,1,1,1,-1,-1,1,-1,1,-1,-1,1,-1,1,1,1,-1,-1,1,-1,1,-1,-1,1,-1,1,1,1,-1,-1,-1,1,-1,1,1,-1,1,-1,-1,-1,1,1,-1,1,-1,1,1,-1,1,-1,-1,-1,1,1
1,-1,-1,1,-1,-1,1,-1,1,1,1,-1,1,-1,-1,1,-1,-1,1,-1,1,1,1,-1,-1,1,1,-1,1,1,-1,1,-1,-1,-1,1,-1,1,1,-1,1,1,-1,1,-1,-1,-1,1,-1,1,1,-1,1,1,-1,1,-1,-1,-1,1,-1,1,1,-1,1,1,-1,1,-1,-1,-1,1,1,-1,-1,1,-1,-1,1,-1,1,1,1,-1,1,-1,-1,1,-1,-1,1,-1,1,1,1,-1,-1,1,1,-1,1,1,-1,1,-1,-1,-1,1,-1,1,1,-1,1,1,-1,1,-1,-1,-1,1,1,-1,-1,1,-1,-1,1,-1,1,1,1,-1,1,-1,-1,1,-1,-1,1,-1,1,1,1,-1,1,-1,-1,1,-1,-1,1,-1,1,1,1,-1,1,-1,-1,1,-1,-1,1,-1,1,1,1,-1,-1,1,1,-1,1,1,-1,1,-1,-1,-1,1,-1,1,1,-1,1,1,-1,1,-1,-1,-1,1
1,-1,-1,-1,1,-1,-1,1,-1,1,1,1,1,-1,-1,-1,1,-1,-1,1,-1,1,1,1,-1,1,1,1,-1,1,1,-1,1,-1,-1,-1,-1,1,1,1,-1,1,1,-1,1,-1,-1,-1,-1,1,1,1,-1,1,1,-1,1,-1,-1,-1,-1,1,1,1,-1,1,1,-1,1,-1,-1,-1,1,-1,-1,-1,1,-1,-1,1,-1,1,1,1,1,-1,-1,-1,1,-1,-1,1,-1,1,1,1,-1,1,1,1,-1,1,1,-1,1,-1,-1,-1,-1,1,1,1,-1,1,1,-1,1,-1,-1,-1,1,-1,-1,-1,1,-1,-1,1,-1,1,1,1,1,-1,-1,-1,1,-1,-1,1,-1,1,1,1,1,-1,-1,-1,1,-1,-1,1,-1,1,1,1,1,-1,-1,-1,1,-1,-1,1,-1,1,1,1,-1,1,1,1,-1,1,1,-1,1,-1,-1,-1,-1,1,1,1,-1,1,1,-1,1,-1,-1,-1
1,1,-1,-1,-1,1,-1,-1,1,-1,1,1,1,1,-1,-1,-1,1,-1,-1,1,-1,1,1,-1,-1,1,1,1,-1,1,1,-1,1,-1,-1,-1,-1,1,1,1,-1,1,1,-1,1,-1,-1,-1,-1,1,1,1,-1,1,1,-1,1,-1,-1,-1,-1,1,1,1,-1,1,1,-1,1,-1,-1,1,1,-1,-1,-1,1,-1,-1,1,-1,1,1,1,1,-1,-1,-1,1,-1,-1,1,-1,1,1,-1,-1,1,1,1,-1,1,1,-1,1,-1,-1,-1,-1,1,1,1,-1,1,1,-1,1,-1,-1,1,1,-1,-1,-1,1,-1,-1,1,-1,1,1,1,1,-1,-1,-1,1,-1,-1,1,-1,1,1,1,1,-1,-1,-1,1,-1,-1,1,-1,1,1,1,1,-1,-1,-1,1,-1,-1,1,-1,1,1,-1,-1,1,1,1,-1,1,1,-1,1,-1,-1,-1,-1,1,1,1,-1,1,1,-1,1,-1,-1
1,1,1,-1,-1,-1,1,-1,-1,1,-1,1,1,1,1,-1,-1,-1,1,-1,-1,1,-1,1,-1,-1,-1,1,1,1,-1,1,1,-1,1,-1,-1,-1,-1,1,1,1,-1,1,1,-1,1,-1,-1,-1,-1,1,1,1,-1,1,1,-1,1,-1,-1,-1,-1,1,1,1,-1,1,1,-1,1,-1,1,1,1,-1,-1,-1,1,-1,-1,1,-1,1,1,1,1,-1,-1,-1,1,-1,-1,1,-1,1,-1,-1,-1,1,1,1,-1,1,1,-1,1,-1,-1,-1,-1,1,1,1,-1,1,1,-1,1,-1,1,1,1,-1,-1,-1,1,-1,-1,1,-1,1,1,1,1,-1,-1,-1,1,-1,-1,1,-1,1,1,1,1,-1,-1,-1,1,-1,-1,1,-1,1,1,1,1,-1,-1,-1,1,-1,-1,1,-1,1,-1,-1,-1,1,1,1,-1,1,1,-1,1,-1,-1,-1,-1,1,1,1,-1,1,1,-1,1,-1
1,1,1,1,-1,-1,-1,1,-1,-1,1,-1,1,1,1,1,-1,-1,-1,1,-1,-1,1,-1,-1,-1,-1,-1,1,1,1,-1,1,1,-1,1,-1,-1,-1,-1,1,1,1,-1,1,1,-1,1,-1,-1,-1,-1,1,1,1,-1,1,1,-1,1,-1,-1,-1,-1,1,1,1,-1,1,1,-1,1,1,1,1,1,-1,-1,-1,1,-1,-1,1,-1,1,1,1,1,-1,-1,-1,1,-1,-1,1,-1,-1,-1,-1,-1,1,1,1,-1,1,1,-1,1,-1,-1,-1,-1,1,1,1,-1,1,1,-1,1,1,1,1,1,-1,-1,-1,1,-1,-1,1,-1,1,1,1,1,-1,-1,-1,1,-1,-1,1,-1,1,1,1,1,-1,-1,-1,1,-1,-1,1,-1,1,1,1,1,-1,-1,-1,1,-1,-1,1,-1,-1,-1,-1,-1,1,1,1,-1,1,1,-1,1,-1,-1,-1,-1,1,1,1,-1,1,1,-1,1
1,-1,1,1,1,-1,-1,-1,1,-1,-1,1,1,-1,1,1,1,-1,-1,-1,1,-1,-1,1,-1,1,-1,-1,-1,1,1,1,-1,1,1,-1,-1,1,-1,-1,-1,1,1,1,-1,1,1,-1,-1,1,-1,-1,-1,1,1,1,-1,1,1,-1,-1,1,-1,-1,-1,1,1,1,-1,1,1,-1,1,-1,1,1,1,-1,-1,-1,1,-1,-1,1,1,-1,1,1,1,-1,-1,-1,1,-1,-1,1,-1,1,-1,-1,-1,1,1,1,-1,1,1,-1,-1,1,-1,-1,-1,1,1,1,-1,1,1,-1,1,-1,1,1,1,-1,-1,-1,1,-1,-1,1,1,-1,1,1,1,-1,-1,-1,1,-1,-1,1,1,-1,1,1,1,-1,-1,-1,1,-1,-1,1,1,-1,1,1,1,-1,-1,-1,1,-1,-1,1,-1,1,-1,-1,-1,1,1,1,-1,1,1,-1,-1,1,-1,-1,-1,1,1,1,-1,1,1,-1
1,1,-1,1,1,1,-1,-1,-1,1,-1,-1,1,1,-1,1,1,1,-1,-1,-1,1,-1,-1,-1,-1,1,-1,-1,-1,1,1,1,-1,1,1,-1,-1,1,-1,-1,-1,1,1,1,-1,1,1,-1,-1,1,-1,-1,-1,1,1,1,-1,1,1,-1,-1,1,-1,-1,-1,1,1,1,-1,1,1,1,1,-1,1,1,1,-1,-1,-1,1,-1,-1,1,1,-1,1,1,1,-1,-1,-1,1,-1,-1,-1,-1,1,-1,-1,-1,1,1,1,-1,1,1,-1,-1,1,-1,-1,-1,1,1,1,-1,1,1,1,1,-1,1,1,1,-1,-1,-1,1,-1,-1,1,1,-1,1,1,1,-1,-1,-1,1,-1,-1,1,1,-1,1,1,1,-1,-1,-1,1,-1,-1,1,1,-1,1,1,1,-1,-1,-1,1,-1,-1,-1,-1,1,-1,-1,-1,1,1,1,-1,1,1,-1,-1,1,-1,-1,-1,1,1,1,-1,1,1
1,1,1,1,1,1,1,1,1,1,1,1,-1,-1,-1,-1,-1,-1,-1,-1,-1,-1,-1,-1,-1,-1,-1,-1,-1,-1,-1,-1,-1,-1,-1,-1,1,1,1,1,1,1,1,1,1,1,1,1,-1,-1,-1,-1,-1,-1,-1,-1,-1,-1,-1,-1,1,1,1,1,1,1,1,1,1,1,1,1,1,1,1,1,1,1,1,1,1,1,1,1,-1,-1,-1,-1,-1,-1,-1,-1,-1,-1,-1,-1,-1,-1,-1,-1,-1,-1,-1,-1,-1,-1,-1,-1,1,1,1,1,1,1,1,1,1,1,1,1,1,1,1,1,1,1,1,1,1,1,1,1,-1,-1,-1,-1,-1,-1,-1,-1,-1,-1,-1,-1,1,1,1,1,1,1,1,1,1,1,1,1,-1,-1,-1,-1,-1,-1,-1,-1,-1,-1,-1,-1,-1,-1,-1,-1,-1,-1,-1,-1,-1,-1,-1,-1,1,1,1,1,1,1,1,1,1,1,1,1
1,-1,1,-1,1,1,1,-1,-1,-1,1,-1,-1,1,-1,1,-1,-1,-1,1,1,1,-1,1,-1,1,-1,1,-1,-1,-1,1,1,1,-1,1,1,-1,1,-1,1,1,1,-1,-1,-1,1,-1,-1,1,-1,1,-1,-1,-1,1,1,1,-1,1,1,-1,1,-1,1,1,1,-1,-1,-1,1,-1,1,-1,1,-1,1,1,1,-1,-1,-1,1,-1,-1,1,-1,1,-1,-1,-1,1,1,1,-1,1,-1,1,-1,1,-1,-1,-1,1,1,1,-1,1,1,-1,1,-1,1,1,1,-1,-1,-1,1,-1,1,-1,1,-1,1,1,1,-1,-1,-1,1,-1,-1,1,-1,1,-1,-1,-1,1,1,1,-1,1,1,-1,1,-1,1,1,1,-1,-1,-1,1,-1,-1,1,-1,1,-1,-1,-1,1,1,1,-1,1,-1,1,-1,1,-1,-1,-1,1,1,1,-1,1,1,-1,1,-1,1,1,1,-1,-1,-1,1,-1
1,-1,-1,1,-1,1,1,1,-1,-1,-1,1,-1,1,1,-1,1,-1,-1,-1,1,1,1,-1,-1,1,1,-1,1,-1,-1,-1,1,1,1,-1,1,-1,-1,1,-1,1,1,1,-1,-1,-1,1,-1,1,1,-1,1,-1,-1,-1,1,1,1,-1,1,-1,-1,1,-1,1,1,1,-1,-1,-1,1,1,-1,-1,1,-1,1,1,1,-1,-1,-1,1,-1,1,1,-1,1,-1,-1,-1,1,1,1,-1,-1,1,1,-1,1,-1,-1,-1,1,1,1,-1,1,-1,-1,1,-1,1,1,1,-1,-1,-1,1,1,-1,-1,1,-1,1,1,1,-1,-1,-1,1,-1,1,1,-1,1,-1,-1,-1,1,1,1,-1,1,-1,-1,1,-1,1,1,1,-1,-1,-1,1,-1,1,1,-1,1,-1,-1,-1,1,1,1,-1,-1,1,1,-1,1,-1,-1,-1,1,1,1,-1,1,-1,-1,1,-1,1,1,1,-1,-1,-1,1
1,1,-1,-1,1,-1,1,1,1,-1,-1,-1,-1,-1,1,1,-1,1,-1,-1,-1,1,1,1,-1,-1,1,1,-1,1,-1,-1,-1,1,1,1,1,1,-1,-1,1,-1,1,1,1,-1,-1,-1,-1,-1,1,1,-1,1,-1,-1,-1,1,1,1,1,1,-1,-1,1,-1,1,1,1,-1,-1,-1,1,1,-1,-1,1,-1,1,1,1,-1,-1,-1,-1,-1,1,1,-1,1,-1,-1,-1,1,1,1,-1,-1,1,1,-1,1,-1,-1,-1,1,1,1,1,1,-1,-1,1,-1,1,1,1,-1,-1,-1,1,1,-1,-1,1,-1,1,1,1,-1,-1,-1,-1,-1,1,1,-1,1,-1,-1,-1,1,1,1,1,1,-1,-1,1,-1,1,1,1,-1,-1,-1,-1,-1,1,1,-1,1,-1,-1,-1,1,1,1,-1,-1,1,1,-1,1,-1,-1,-1,1,1,1,1,1,-1,-1,1,-1,1,1,1,-1,-1,-1
1,-1,1,-1,-1,1,-1,1,1,1,-1,-1,-1,1,-1,1,1,-1,1,-1,-1,-1,1,1,-1,1,-1,1,1,-1,1,-1,-1,-1,1,1,1,-1,1,-1,-1,1,-1,1,1,1,-1,-1,-1,1,-1,1,1,-1,1,-1,-1,-1,1,1,1,-1,1,-1,-1,1,-1,1,1,1,-1,-1,1,-1,1,-1,-1,1,-1,1,1,1,-1,-1,-1,1,-1,1,1,-1,1,-1,-1,-1,1,1,-1,1,-1,1,1,-1,1,-1,-1,-1,1,1,1,-1,1,-1,-1,1,-1,1,1,1,-1,-1,1,-1,1,-1,-1,1,-1,1,1,1,-1,-1,-1,1,-1,1,1,-1,1,-1,-1,-1,1,1,1,-1,1,-1,-1,1,-1,1,1,1,-1,-1,-1,1,-1,1,1,-1,1,-1,-1,-1,1,1,-1,1,-1,1,1,-1,1,-1,-1,-1,1,1,1,-1,1,-1,-1,1,-1,1,1,1,-1,-1
1,-1,-1,1,-1,-1,1,-1,1,1,1,-1,-1,1,1,-1,1,1,-1,1,-1,-1,-1,1,-1,1,1,-1,1,1,-1,1,-1,-1,-1,1,1,-1,-1,1,-1,-1,1,-1,1,1,1,-1,-1,1,1,-1,1,1,-1,1,-1,-1,-1,1,1,-1,-1,1,-1,-1,1,-1,1,1,1,-1,1,-1,-1,1,-1,-1,1,-1,1,1,1,-1,-1,1,1,-1,1,1,-1,1,-1,-1,-1,1,-1,1,1,-1,1,1,-1,1,-1,-1,-1,1,1,-1,-1,1,-1,-1,1,-1,1,1,1,-1,1,-1,-1,1,-1,-1,1,-1,1,1,1,-1,-1,1,1,-1,1,1,-1,1,-1,-1,-1,1,1,-1,-1,1,-1,-1,1,-1,1,1,1,-1,-1,1,1,-1,1,1,-1,1,-1,-1,-1,1,-1,1,1,-1,1,1,-1,1,-1,-1,-1,1,1,-1,-1,1,-1,-1,1,-1,1,1,1,-1
1,-1,-1,-1,1,-1,-1,1,-1,1,1,1,-1,1,1,1,-1,1,1,-1,1,-1,-1,-1,-1,1,1,1,-1,1,1,-1,1,-1,-1,-1,1,-1,-1,-1,1,-1,-1,1,-1,1,1,1,-1,1,1,1,-1,1,1,-1,1,-1,-1,-1,1,-1,-1,-1,1,-1,-1,1,-1,1,1,1,1,-1,-1,-1,1,-1,-1,1,-1,1,1,1,-1,1,1,1,-1,1,1,-1,1,-1,-1,-1,-1,1,1,1,-1,1,1,-1,1,-1,-1,-1,1,-1,-1,-1,1,-1,-1,1,-1,1,1,1,1,-1,-1,-1,1,-1,-1,1,-1,1,1,1,-1,1,1,1,-1,1,1,-1,1,-1,-1,-1,1,-1,-1,-1,1,-1,-1,1,-1,1,1,1,-1,1,1,1,-1,1,1,-1,1,-1,-1,-1,-1,1,1,1,-1,1,1,-1,1,-1,-1,-1,1,-1,-1,-1,1,-1,-1,1,-1,1,1,1
1,1,-1,-1,-1,1,-1,-1,1,-1,1,1,-1,-1,1,1,1,-1,1,1,-1,1,-1,-1,-1,-1,1,1,1,-1,1,1,-1,1,-1,-1,1,1,-1,-1,-1,1,-1,-1,1,-1,1,1,-1,-1,1,1,1,-1,1,1,-1,1,-1,-1,1,1,-1,-1,-1,1,-1,-1,1,-1,1,1,1,1,-1,-1,-1,1,-1,-1,1,-1,1,1,-1,-1,1,1,1,-1,1,1,-1,1,-1,-1,-1,-1,1,1,1,-1,1,1,-1,1,-1,-1,1,1,-1,-1,-1,1,-1,-1,1,-1,1,1,1,1,-1,-1,-1,1,-1,-1,1,-1,1,1,-1,-1,1,1,1,-1,1,1,-1,1,-1,-1,1,1,-1,-1,-1,1,-1,-1,1,-1,1,1,-1,-1,1,1,1,-1,1,1,-1,1,-1,-1,-1,-1,1,1,1,-1,1,1,-1,1,-1,-1,1,1,-1,-1,-1,1,-1,-1,1,-1,1,1
1,1,1,-1,-1,-1,1,-1,-1,1,-1,1,-1,-1,-1,1,1,1,-1,1,1,-1,1,-1,-1,-1,-1,1,1,1,-1,1,1,-1,1,-1,1,1,1,-1,-1,-1,1,-1,-1,1,-1,1,-1,-1,-1,1,1,1,-1,1,1,-1,1,-1,1,1,1,-1,-1,-1,1,-1,-1,1,-1,1,1,1,1,-1,-1,-1,1,-1,-1,1,-1,1,-1,-1,-1,1,1,1,-1,1,1,-1,1,-1,-1,-1,-1,1,1,1,-1,1,1,-1,1,-1,1,1,1,-1,-1,-1,1,-1,-1,1,-1,1,1,1,1,-1,-1,-1,1,-1,-1,1,-1,1,-1,-1,-1,1,1,1,-1,1,1,-1,1,-1,1,1,1,-1,-1,-1,1,-1,-1,1,-1,1,-1,-1,-1,1,1,1,-1,1,1,-1,1,-1,-1,-1,-1,1,1,1,-1,1,1,-1,1,-1,1,1,1,-1,-1,-1,1,-1,-1,1,-1,1
1,1,1,1,-1,-1,-1,1,-1,-1,1,-1,-1,-1,-1,-1,1,1,1,-1,1,1,-1,1,-1,-1,-1,-1,1,1,1,-1,1,1,-1,1,1,1,1,1,-1,-1,-1,1,-1,-1,1,-1,-1,-1,-1,-1,1,1,1,-1,1,1,-1,1,1,1,1,1,-1,-1,-1,1,-1,-1,1,-1,1,1,1,1,-1,-1,-1,1,-1,-1,1,-1,-1,-1,-1,-1,1,1,1,-1,1,1,-1,1,-1,-1,-1,-1,1,1,1,-1,1,1,-1,1,1,1,1,1,-1,-1,-1,1,-1,-1,1,-1,1,1,1,1,-1,-1,-1,1,-1,-1,1,-1,-1,-1,-1,-1,1,1,1,-1,1,1,-1,1,1,1,1,1,-1,-1,-1,1,-1,-1,1,-1,-1,-1,-1,-1,1,1,1,-1,1,1,-1,1,-1,-1,-1,-1,1,1,1,-1,1,1,-1,1,1,1,1,1,-1,-1,-1,1,-1,-1,1,-1
1,-1,1,1,1,-1,-1,-1,1,-1,-1,1,-1,1,-1,-1,-1,1,1,1,-1,1,1,-1,-1,1,-1,-1,-1,1,1,1,-1,1,1,-1,1,-1,1,1,1,-1,-1,-1,1,-1,-1,1,-1,1,-1,-1,-1,1,1,1,-1,1,1,-1,1,-1,1,1,1,-1,-1,-1,1,-1,-1,1,1,-1,1,1,1,-1,-1,-1,1,-1,-1,1,-1,1,-1,-1,-1,1,1,1,-1,1,1,-1,-1,1,-1,-1,-1,1,1,1,-1,1,1,-1,1,-1,1,1,1,-1,-1,-1,1,-1,-1,1,1,-1,1,1,1,-1,-1,-1,1,-1,-1,1,-1,1,-1,-1,-1,1,1,1,-1,1,1,-1,1,-1,1,1,1,-1,-1,-1,1,-1,-1,1,-1,1,-1,-1,-1,1,1,1,-1,1,1,-1,-1,1,-1,-1,-1,1,1,1,-1,1,1,-1,1,-1,1,1,1,-1,-1,-1,1,-1,-1,1
1,1,-1,1,1,1,-1,-1,-1,1,-1,-1,-1,-1,1,-1,-1,-1,1,1,1,-1,1,1,-1,-1,1,-1,-1,-1,1,1,1,-1,1,1,1,1,-1,1,1,1,-1,-1,-1,1,-1,-1,-1,-1,1,-1,-1,-1,1,1,1,-1,1,1,1,1,-1,1,1,1,-1,-1,-1,1,-1,-1,1,1,-1,1,1,1,-1,-1,-1,1,-1,-1,-1,-1,1,-1,-1,-1,1,1,1,-1,1,1,-1,-1,1,-1,-1,-1,1,1,1,-1,1,1,1,1,-1,1,1,1,-1,-1,-1,1,-1,-1,1,1,-1,1,1,1,-1,-1,-1,1,-1,-1,-1,-1,1,-1,-1,-1,1,1,1,-1,1,1,1,1,-1,1,1,1,-1,-1,-1,1,-1,-1,-1,-1,1,-1,-1,-1,1,1,1,-1,1,1,-1,-1,1,-1,-1,-1,1,1,1,-1,1,1,1,1,-1,1,1,1,-1,-1,-1,1,-1,-1
