H_1,H_2,H_3,H_4,H_5,H_6,H_7,H_8,H_9,H_10,H_11,H_12,H_13,H_14,H_15,H_16,H_17,H_18,H_19,H_20,H_21,H_22,H_23,H_24,H_25,H_26,H_27,H_28,H_29,H_30,H_31,H_32,H_33,H_34,H_35,H_36,H_37,H_38,H_39,H_40,H_41,H_42,H_43,H_44,H_45,H_46,H_47,H_48
1,1,1,1,1,1,1,1,1,1,1,1,1,1,1,1,1,1,1,1,1,1,1,1,1,1,1,1,1,1,1,1,1,1,1,1,1,1,1,1,1,1,1,1,1,1,1,1
1,-1,1,-1,1,1,1,-1,-1,-1,1,-1,1,-1,1,-1,1,1,1,-1,-1,-1,1,-1,1,-1,1,-1,1,1,1,-1,-1,-1,1,-1,1,-1,1,-1,1,1,1,-1,-1,-1,1,-1
1,-1,-1,1,-1,1,1,1,-1,-1,-1,1,1,-1,-1,1,-1,1,1,1,-1,-1,-1,1,1,-1,-1,1,-1,1,1,1,-1,-1,-1,1,1,-1,-1,1,-1,1,1,1,-1,-1,-1,1
1,1,-1,-1,1,-1,1,1,1,-1,-1,-1,1,1,-1,-1,1,-1,1,1,1,-1,-1,-1,1,1,-1,-1,1,-1,1,1,1,-1,-1,-1,1,1,-1,-1,1,-1,1,1,1,-1,-1,-1
1,-1,1,-1,-1,1,-1,1,1,1,-1,-1,1,-1,1,-1,-1,1,-1,1,1,1,-1,-1,1,-1,1,-1,-1,1,-1,1,1,1,-1,-1,1,-1,1,-1,-1,1,-1,1,1,1,-1,-1
1,-1,-1,1,-1,-1,1,-1,1,1,1,-1,1,-1,-1,1,-1,-1,1,-1,1,1,1,-1,1,-1,-1,1,-1,-1,1,-1,1,1,1,-1,1,-1,-1,1,-1,-1,1,-1,1,1,1,-1
1,-1,-1,-1,1,-1,-1,1,-1,1,1,1,1,-1,-1,-1,1,-1,-1,1,-1,1,1,1,1,-1,-1,-1,1,-1,-1,1,-1,1,1,1,1,-1,-1,-1,1,-1,-1,1,-1,1,1,1
1,1,-1,-1,-1,1,-1,-1,1,-1,1,1,1,1,-1,-1,-1,1,-1,-1,1,-1,1,1,1,1,-1,-1,-1,1,-1,-1,1,-1,1,1,1,1,-1,-1,-1,1,-1,-1,1,-1,1,1
1,1,1,-1,-1,-1,1,-1,-1,1,-1,1,1,1,1,-1,-1,-1,1,-1,-1,1,-1,1,1,1,1,-1,-1,-1,1,-1,-1,1,-1,1,1,1,1,-1,-1,-1,1,-1,-1,1,-1,1
1,1,1,1,-1,-1,-1,1,-1,-1,1,-1,1,1,1,1,-1,-1,-1,1,-1,-1,1,-1,1,1,1,1,-1,-1,-1,1,-1,-1,1,-1,1,1,1,1,-1,-1,-1,1,-1,-1,1,-1
1,-1,1,1,1,-1,-1,-1,1,-1,-1,1,1,-1,1,1,1,-1,-1,-1,1,-1,-1,1,1,-1,1,1,1,-1,-1,-1,1,-1,-1,1,1,-1,1,1,1,-1,-1,-1,1,-1,-1,1
1,1,-1,1,1,1,-1,-1,-1,1,-1,-1,1,1,-1,1,1,1,-1,-1,-1,1,-1,-1,1,1,-1,1,1,1,-1,-1,-1,1,-1,-1,1,1,-1,1,1,1,-1,-1,-1,1,-1,-1
1,1,1,1,1,1,1,1,1,1,1,1,-1,-1,-1,-1,-1,-1,-1,-1,-1,-1,-1,-1,1,1,1,1,1,1,1,1,1,1,1,1,-1,-1,-1,-1,-1,-1,-1,-1,-1,-1,-1,-1
1,-1,1,-1,1,1,1,-1,-1,-1,1,-1,-1,1,-1,1,-1,-1,-1,1,1,1,-1,1,1,-1,1,-1,1,1,1,-1,-1,-1,1,-1,-1,1,-1,1,-1,-1,-1,1,1,1,-1,1
1,-1,-1,1,-1,1,1,1,-1,-1,-1,1,-1,1,1,-1,1,-1,-1,-1,1,1,1,-1,1,-1,-1,1,-1,1,1,1,-1,-1,-1,1,-1,1,1,-1,1,-1,-1,-1,1,1,1,-1
1,1,-1,-1,1,-1,1,1,1,-1,-1,-1,-1,-1,1,1,-1,1,-1,-1,-1,1,1,1,1,1,-1,-1,1,-1,1,1,1,-1,-1,-1,-1,-1,1,1,-1,1,-1,-1,-1,1,1,1
1,-1,1,-1,-1,1,-1,1,1,1,-1,-1,-1,1,-1,1,1,-1,1,-1,-1,-1,1,1,1,-1,1,-1,-1,1,-1,1,1,1,-1,-1,-1,1,-1,1,1,-1,1,-1,-1,-1,1,1
1,-1,-1,1,-1,-1,1,-1,1,1,1,-1,-1,1,1,-1,1,1,-1,1,-1,-1,-1,1,1,-1,-1,1,-1,-1,1,-1,1,1,1,-1,-1,1,1,-1,1,1,-1,1,-1,-1,-1,1
1,-1,-1,-1,1,-1,-1,1,-1,1,1,1,-1,1,1,1,-1,1,1,-1,1,-1,-1,-1,1,-1,-1,-1,1,-1,-1,1,-1,1,1,1,-1,1,1,1,-1,1,1,-1,1,-1,-1,-1
1,1,-1,-1,-1,1,-1,-1,1,-1,1,1,-1,-1,1,1,1,-1,1,1,-1,1,-1,-1,1,1,-1,-1,-1,1,-1,-1,1,-1,1,1,-1,-1,1,1,1,-1,1,1,-1,1,-1,-1
1,1,1,-1,-1,-1,1,-1,-1,1,-1,1,-1,-1,-1,1,1,1,-1,1,1,-1,1,-1,1,1,1,-1,-1,-1,1,-1,-1,1,-1,1,-1,-1,-1,1,1,1,-1,1,1,-1,1,-1
1,1,1,1,-1,-1,-1,1,-1,-1,1,-1,-1,-1,-1,-1,1,1,1,-1,1,1,-1,1,1,1,1,1,-1,-1,-1,1,-1,-1,1,-1,-1,-1,-1,-1,1,1,1,-1,1,1,-1,1
1,-1,1,1,1,-1,-1,-1,1,-1,-1,1,-1,1,-1,-1,-1,1,1,1,-1,1,1,-1,1,-1,1,1,1,-1,-1,-1,1,-1,-1,1,-1,1,-1,-1,-1,1,1,1,-1,1,1,-1
1,1,-1,1,1,1,-1,-1,-1,1,-1,-1,-1,-1,1,-1,-1,-1,1,1,1,-1,1,1,1,1,-1,1,1,1,-1,-1,-1,1,-1,-1,-1,-1,1,-1,-1,-1,1,1,1,-1,1,1
1,1,1,1,1,1,1,1,1,1,1,1,1,1,1,1,1,1,1,1,1,1,1,1,-1,-1,-1,-1,-1,-1,-1,-1,-1,-1,-1,-1,-1,-1,-1,-1,-1,-1,-1,-1,-1,-1,-1,-1
1,-1,1,-1,1,1,1,-1,-1,-1,1,-1,1,-1,1,-1,1,1,1,-1,-1,-1,1,-1,-1,1,-1,1,-1,-1,-1,1,1,1,-1,1,-1,1,-1,1,-1,-1,-1,1,1,1,-1,1
1,-1,-1,1,-1,1,1,1,-1,-1,-1,1,1,-1,-1,1,-1,1,1,1,-1,-1,-1,1,-1,1,1,-1,1,-1,-1,-1,1,1,1,-1,-1,1,1,-1,1,-1,-1,-1,1,1,1,-1
1,1,-1,-1,1,-1,1,1,1,-1,-1,-1,1,1,-1,-1,1,-1,1,1,1,-1,-1,-1,-1,-1,1,1,-1,1,-1,-1,-1,1,1,1,-1,-1,1,1,-1,1,-1,-1,-1,1,1,1
1,-1,1,-1,-1,1,-1,1,1,1,-1,-1,1,-1,1,-1,-1,1,-1,1,1,1,-1,-1,-1,1,-1,1,1,-1,1,-1,-1,-1,1,1,-1,1,-1,1,1,-1,1,-1,-1,-1,1,1
1,-1,-1,1,-1,-1,1,-1,1,1,1,-1,1,-1,-1,1,-1,-1,1,-1,1,1,1,-1,-1,1,1,-1,1,1,-1,1,-1,-1,-1,1,-1,1,1,-1,1,1,-1,1,-1,-1,-1,1
1,-1,-1,-1,1,-1,-1,1,-1,1,1,1,1,-1,-1,-1,1,-1,-1,1,-1,1,1,1,-1,1,1,1,-1,1,1,-1,1,-1,-1,-1,-1,1,1,1,-1,1,1,-1,1,-1,-1,-1
1,1,-1,-1,-1,1,-1,-1,1,-1,1,1,1,1,-1,-1,-1,1,-1,-1,1,-1,1,1,-1,-1,1,1,1,-1,1,1,-1,1,-1,-1,-1,-1,1,1,1,-1,1,1,-1,1,-1,-1
1,1,1,-1,-1,-1,1,-1,-1,1,-1,1,1,1,1,-1,-1,-1,1,-1,-1,1,-1,1,-1,-1,-1,1,1,1,-1,1,1,-1,1,-1,-1,-1,-1,1,1,1,-1,1,1,-1,1,-1
1,1,1,1,-1,-1,-1,1,-1,-1,1,-1,1,1,1,1,-1,-1,-1,1,-1,-1,1,-1,-1,-1,-1,-1,1,1,1,-1,1,1,-1,1,-1,-1,-1,-1,1,1,1,-1,1,1,-1,1
1,-1,1,1,1,-1,-1,-1,1,-1,-1,1,1,-1,1,1,1,-1,-1,-1,1,-1,-1,1,-1,1,-1,-1,-1,1,1,1,-1,1,1,-1,-1,1,-1,-1,-1,1,1,1,-1,1,1,-1
1,1,-1,1,1,1,-1,-1,-1,1,-1,-1,1,1,-1,1,1,1,-1,-1,-1,1,-1,-1,-1,-1,1,-1,-1,-1,1,1,1,-1,1,1,-1,-1,1,-1,-1,-1,1,1,1,-1,1,1
1,1,1,1,1,1,1,1,1,1,1,1,-1,-1,-1,-1,-1,-1,-1,-1,-1,-1,-1,-1,-1,-1,-1,-1,-1,-1,-1,-1,-1,-1,-1,-1,1,1,1,1,1,1,1,1,1,1,1,1
1,-1,1,-1,1,1,1,-1,-1,-1,1,-1,-1,1,-1,1,-1,-1,-1,1,1,1,-1,1,-1,1,-1,1,-1,-1,-1,1,1,1,-1,1,1,-1,1,-1,1,1,1,-1,-1,-1,1,-1
1,-1,-1,1,-1,1,1,1,-1,-1,-1,1,-1,1,1,-1,1,-1,-1,-1,1,1,1,-1,-1,1,1,-1,1,-1,-1,-1,1,1,1,-1,1,-1,-1,1,-1,1,1,1,-1,-1,-1,1
1,1,-1,-1,1,-1,1,1,1,-1,-1,-1,-1,-1,1,1,-1,1,-1,-1,-1,1,1,1,-1,-1,1,1,-1,1,-1,-1,-1,1,1,1,1,1,-1,-1,1,-1,1,1,1,-1,-1,-1
1,-1,1,-1,-1,1,-1,1,1,1,-1,-1,-1,1,-1,1,1,-1,1,-1,-1,-1,1,1,-1,1,-1,1,1,-1,1,-1,-1,-1,1,1,1,-1,1,-1,-1,1,-1,1,1,1,-1,-1
1,-1,-1,1,-1,-1,1,-1,1,1,1,-1,-1,1,1,-1,1,1,-1,1,-1,-1,-1,1,-1,1,1,-1,1,1,-1,1,-1,-1,-1,1,1,-1,-1,1,-1,-1,1,-1,1,1,1,-1
1,-1,-1,-1,1,-1,-1,1,-1,1,1,1,-1,1,1,1,-1,1,1,-1,1,-1,-1,-1,-1,1,1,1,-1,1,1,-1,1,-1,-1,-1,1,-1,-1,-1,1,-1,-1,1,-1,1,1,1
1,1,-1,-1,-1,1,-1,-1,1,-1,1,1,-1,-1,1,1,1,-1,1,1,-1,1,-1,-1,-1,-1,1,1,1,-1,1,1,-1,1,-1,-1,1,1,-1,-1,-1,1,-1,-1,1,-1,1,1
1,1,1,-1,-1,-1,1,-1,-1,1,-1,1,-1,-1,-1,1,1,1,-1,1,1,-1,1,-1,-1,-1,-1,1,1,1,-1,1,1,-1,1,-1,1,1,1,-1,-1,-1,1,-1,-1,1,-1,1
1,1,1,1,-1,-1,-1,1,-1,-1,1,-1,-1,-1,-1,-1,1,1,1,-1,1,1,-1,1,-1,-1,-1,-1,1,1,1,-1,1,1,-1,1,1,1,1,1,-1,-1,-1,1,-1,-1,1,-1
1,-1,1,1,1,-1,-1,-1,1,-1,-1,1,-1,1,-1,-1,-1,1,1,1,-1,1,1,-1,-1,1,-1,-1,-1,1,1,1,-1,1,1,-1,1,-1,1,1,1,-1,-1,-1,1,-1,-1,1
1,1,-1,1,1,1,-1,-1,-1,1,-1,-1,-1,-1,1,-1,-1,-1,1,1,1,-1,1,1,-1,-1,1,-1,-1,-1,1,1,1,-1,1,1,1,1,-1,1,1,1,-1,-1,-1,1,-1,-1
